Chiptime	ax(g)	ay(g)	az(g)	wx(deg/s)	wy(deg/s)	wz(deg/s)	AngleX(deg)	AngleY(deg)	AngleZ(deg)	T(бу)	magx	magy	magz	lon	lat	Yaw	Speed	q1	q2	q3	q4
 None	0.1035	0.0039	1.0249	0.0	0.0	0.0	0.242	-5.768	-94.708	38.49	-419	-31	-209	113.516274	22.451981	271.18	19.557	0.67661	-0.03555	-0.03568	-0.73459
 None	0.1035	0.0039	1.0249	0.0	0.0	0.0	0.242	-5.768	-94.708	38.49	-419	-31	-209	113.516274	22.451981	271.18	19.557	0.67661	-0.03555	-0.03568	-0.73459
 None	0.1035	0.0039	1.0249	0.0	0.0	0.0	0.242	-5.768	-94.708	38.49	-419	-31	-209	113.516274	22.451981	271.18	19.557	0.67661	-0.03555	-0.03568	-0.73459
 None	0.1035	0.0039	1.0249	0.0	0.0	0.0	0.242	-5.768	-94.708	38.49	-419	-31	-209	113.516274	22.451981	271.18	19.557	0.67667	-0.03555	-0.03568	-0.73453
 None	0.103	0.0039	1.0244	0.0	0.0	0.0	0.242	-5.768	-94.702	38.48	-415	-35	-206	113.516274	22.451981	271.18	19.557	0.67667	-0.03555	-0.03568	-0.73453
 None	0.103	0.0039	1.0244	0.0	0.0	0.0	0.242	-5.768	-94.702	38.48	-415	-35	-206	113.516274	22.451981	271.18	19.557	0.67667	-0.03555	-0.03568	-0.73453
 None	0.103	0.0039	1.0244	0.0	0.0	0.0	0.242	-5.768	-94.702	38.48	-415	-35	-206	113.516274	22.451981	271.18	19.557	0.67667	-0.03555	-0.03568	-0.73453
 None	0.103	0.0039	1.0244	0.0	0.0	0.0	0.242	-5.768	-94.702	38.48	-415	-35	-206	113.516274	22.451981	271.18	19.557	0.6767	-0.03555	-0.03568	-0.73453
 None	0.1035	0.0044	1.0244	0.0	0.0	0.0	0.242	-5.768	-94.713	38.47	-414	-33	-207	113.516274	22.451981	271.18	19.557	0.6767	-0.03555	-0.03568	-0.73453
 None	0.1035	0.0044	1.0244	0.0	0.0	0.0	0.242	-5.768	-94.713	38.47	-414	-33	-207	113.516274	22.451981	271.18	19.557	0.6767	-0.03555	-0.03568	-0.73453
 None	0.1035	0.0044	1.0244	0.0	0.0	0.0	0.242	-5.768	-94.713	38.47	-414	-33	-207	113.516274	22.451981	271.18	19.557	0.6767	-0.03555	-0.03568	-0.73453
 None	0.1035	0.0044	1.0244	0.0	0.0	0.0	0.242	-5.768	-94.713	38.47	-414	-33	-207	113.516274	22.451981	271.18	19.557	0.67661	-0.03555	-0.03564	-0.73459
 None	0.103	0.0039	1.0249	0.0	0.0	0.0	0.242	-5.768	-94.713	38.5	-418	-34	-206	113.516274	22.451981	271.18	19.557	0.67661	-0.03555	-0.03564	-0.73459
 None	0.103	0.0039	1.0249	0.0	0.0	0.0	0.242	-5.768	-94.713	38.5	-418	-34	-206	113.516274	22.451981	271.18	19.557	0.67661	-0.03555	-0.03564	-0.73459
 None	0.103	0.0039	1.0249	0.0	0.0	0.0	0.242	-5.768	-94.713	38.5	-418	-34	-206	113.516274	22.451981	271.18	19.557	0.67661	-0.03555	-0.03564	-0.73459
 None	0.103	0.0039	1.0249	0.0	0.0	0.0	0.242	-5.768	-94.713	38.5	-418	-34	-206	113.516274	22.451981	271.18	19.557	0.67664	-0.03555	-0.03564	-0.73456
 None	0.1035	0.0039	1.0249	0.0	0.0	0.0	0.242	-5.768	-94.724	38.5	-420	-34	-207	113.516274	22.451981	271.18	19.557	0.67664	-0.03555	-0.03564	-0.73456
 None	0.1035	0.0039	1.0249	0.0	0.0	0.0	0.242	-5.768	-94.724	38.5	-420	-34	-207	113.516242	22.4519819	271.18	19.557	0.67664	-0.03555	-0.03564	-0.73456
 None	0.1035	0.0039	1.0249	0.0	0.0	0.0	0.242	-5.768	-94.724	38.5	-420	-34	-207	113.516242	22.4519819	270.69	19.964	0.67664	-0.03555	-0.03564	-0.73456
 None	0.1035	0.0039	1.0249	0.0	0.0	0.0	0.242	-5.768	-94.724	38.5	-420	-34	-207	113.516242	22.4519819	270.69	19.964	0.67654	-0.03558	-0.03561	-0.73465
 None	0.103	0.0044	1.0254	0.0	0.0	0.0	0.242	-5.768	-94.724	38.47	-415	-33	-203	113.516242	22.4519819	270.69	19.964	0.67654	-0.03558	-0.03561	-0.73465
 None	0.103	0.0044	1.0254	0.0	0.0	0.0	0.242	-5.768	-94.724	38.47	-415	-33	-203	113.516242	22.4519819	270.69	19.964	0.67654	-0.03558	-0.03561	-0.73465
 None	0.103	0.0044	1.0254	0.0	0.0	0.0	0.242	-5.768	-94.724	38.47	-415	-33	-203	113.516242	22.4519819	270.69	19.964	0.67654	-0.03558	-0.03561	-0.73465
 None	0.103	0.0044	1.0254	0.0	0.0	0.0	0.242	-5.768	-94.724	38.47	-415	-33	-203	113.516242	22.4519819	270.69	19.964	0.67654	-0.03558	-0.03561	-0.73465
 None	0.1035	0.0044	1.0249	0.0	0.0	0.0	0.242	-5.768	-94.713	38.5	-416	-33	-204	113.516242	22.4519819	270.69	19.964	0.67654	-0.03558	-0.03561	-0.73465
 None	0.1035	0.0044	1.0249	0.0	0.0	0.0	0.242	-5.768	-94.713	38.5	-416	-33	-204	113.516242	22.4519819	270.69	19.964	0.67654	-0.03558	-0.03561	-0.73465
 None	0.1035	0.0044	1.0249	0.0	0.0	0.0	0.242	-5.768	-94.713	38.5	-416	-33	-204	113.516242	22.4519819	270.69	19.964	0.67654	-0.03558	-0.03561	-0.73465
 None	0.1035	0.0044	1.0249	0.0	0.0	0.0	0.242	-5.768	-94.713	38.5	-416	-33	-204	113.516242	22.4519819	270.69	19.964	0.67664	-0.03555	-0.03561	-0.73456
 None	0.104	0.0044	1.0244	0.0	0.0	0.0	0.242	-5.768	-94.708	38.51	-415	-34	-209	113.516242	22.4519819	270.69	19.964	0.67664	-0.03555	-0.03561	-0.73456
 None	0.104	0.0044	1.0244	0.0	0.0	0.0	0.242	-5.768	-94.708	38.51	-415	-34	-209	113.516242	22.4519819	270.69	19.964	0.67664	-0.03555	-0.03561	-0.73456
 None	0.104	0.0044	1.0244	0.0	0.0	0.0	0.242	-5.768	-94.708	38.51	-415	-34	-209	113.516242	22.4519819	270.69	19.964	0.67664	-0.03555	-0.03561	-0.73456
 None	0.104	0.0044	1.0244	0.0	0.0	0.0	0.242	-5.768	-94.708	38.51	-415	-34	-209	113.516242	22.4519819	270.69	19.964	0.67664	-0.03558	-0.03564	-0.73456
 None	0.1035	0.0039	1.0239	0.0	0.0	0.0	0.236	-5.768	-94.713	38.46	-417	-34	-207	113.516242	22.4519819	270.69	19.964	0.67664	-0.03558	-0.03564	-0.73456
 None	0.1035	0.0039	1.0239	0.0	0.0	0.0	0.236	-5.768	-94.713	38.46	-417	-34	-207	113.516242	22.4519819	270.69	19.964	0.67664	-0.03558	-0.03564	-0.73456
 None	0.1035	0.0039	1.0239	0.0	0.0	0.0	0.236	-5.768	-94.713	38.46	-417	-34	-207	113.516242	22.4519819	270.69	19.964	0.67664	-0.03558	-0.03564	-0.73456
 None	0.1035	0.0039	1.0239	0.0	0.0	0.0	0.236	-5.768	-94.713	38.46	-417	-34	-207	113.516242	22.4519819	270.69	19.964	0.67661	-0.03558	-0.03564	-0.73459
 None	0.104	0.0044	1.0244	0.0	0.0	0.0	0.236	-5.768	-94.719	38.48	-417	-34	-209	113.516242	22.4519819	270.69	19.964	0.67661	-0.03558	-0.03564	-0.73459
 None	0.104	0.0044	1.0244	0.0	0.0	0.0	0.236	-5.768	-94.719	38.48	-417	-34	-209	113.516242	22.4519819	270.69	19.964	0.67661	-0.03558	-0.03564	-0.73459
 None	0.104	0.0044	1.0244	0.0	0.0	0.0	0.236	-5.768	-94.719	38.48	-417	-34	-209	113.516242	22.4519819	270.69	19.964	0.67661	-0.03558	-0.03564	-0.73459
 None	0.104	0.0044	1.0244	0.0	0.0	0.0	0.236	-5.768	-94.719	38.48	-417	-34	-209	113.516242	22.4519819	270.69	19.964	0.67657	-0.03561	-0.03564	-0.73462
 None	0.1035	0.0044	1.0249	0.0	0.0	0.0	0.236	-5.768	-94.735	38.48	-415	-36	-206	113.516242	22.4519819	270.69	19.964	0.67657	-0.03561	-0.03564	-0.73462
 None	0.1035	0.0044	1.0249	0.0	0.0	0.0	0.236	-5.768	-94.735	38.48	-415	-36	-206	113.516242	22.4519819	270.69	19.964	0.67657	-0.03561	-0.03564	-0.73462
 None	0.1035	0.0044	1.0249	0.0	0.0	0.0	0.236	-5.768	-94.735	38.48	-415	-36	-206	113.516242	22.4519819	270.69	19.964	0.67657	-0.03561	-0.03564	-0.73462
 None	0.1035	0.0044	1.0249	0.0	0.0	0.0	0.236	-5.768	-94.735	38.48	-415	-36	-206	113.516242	22.4519819	270.69	19.964	0.67645	-0.03561	-0.03564	-0.73471
 None	0.104	0.0039	1.0249	0.0	0.0	0.0	0.236	-5.773	-94.735	38.51	-416	-30	-209	113.516242	22.4519819	270.69	19.964	0.67645	-0.03561	-0.03564	-0.73471
 None	0.104	0.0039	1.0249	0.0	0.0	0.0	0.236	-5.773	-94.735	38.51	-416	-30	-209	113.516242	22.4519819	270.69	19.964	0.67645	-0.03561	-0.03564	-0.73471
 None	0.104	0.0039	1.0249	0.0	0.0	0.0	0.236	-5.773	-94.735	38.51	-416	-30	-209	113.516242	22.4519819	270.69	19.964	0.67645	-0.03561	-0.03564	-0.73471
 None	0.104	0.0039	1.0249	0.0	0.0	0.0	0.236	-5.773	-94.735	38.51	-416	-30	-209	113.516242	22.4519819	270.69	19.964	0.67648	-0.03561	-0.03564	-0.73471
 None	0.1035	0.0034	1.0249	0.0	0.0	0.0	0.236	-5.773	-94.724	38.47	-417	-33	-208	113.516242	22.4519819	270.69	19.964	0.67648	-0.03561	-0.03564	-0.73471
 None	0.1035	0.0034	1.0249	0.0	0.0	0.0	0.236	-5.773	-94.724	38.47	-417	-33	-208	113.516242	22.4519819	270.69	19.964	0.67648	-0.03561	-0.03564	-0.73471
 None	0.1035	0.0034	1.0249	0.0	0.0	0.0	0.236	-5.773	-94.724	38.47	-417	-33	-208	113.516242	22.4519819	270.69	19.964	0.67648	-0.03561	-0.03564	-0.73471
 None	0.1035	0.0034	1.0249	0.0	0.0	0.0	0.236	-5.773	-94.724	38.47	-417	-33	-208	113.516242	22.4519819	270.69	19.964	0.67654	-0.03564	-0.03561	-0.73465
 None	0.1035	0.0039	1.0249	0.0	0.0	0.0	0.231	-5.768	-94.713	38.5	-415	-32	-209	113.516242	22.4519819	270.69	19.964	0.67654	-0.03564	-0.03561	-0.73465
 None	0.1035	0.0039	1.0249	0.0	0.0	0.0	0.231	-5.768	-94.713	38.5	-415	-32	-209	113.516242	22.4519819	270.69	19.964	0.67654	-0.03564	-0.03561	-0.73465
 None	0.1035	0.0039	1.0249	0.0	0.0	0.0	0.231	-5.768	-94.713	38.5	-415	-32	-209	113.516242	22.4519819	270.69	19.964	0.67654	-0.03564	-0.03561	-0.73465
 None	0.1035	0.0039	1.0249	0.0	0.0	0.0	0.231	-5.768	-94.713	38.5	-415	-32	-209	113.516242	22.4519819	270.69	19.964	0.67661	-0.03564	-0.03561	-0.73459
 None	0.1035	0.0044	1.0249	0.0	0.0	0.0	0.231	-5.768	-94.719	38.46	-415	-34	-209	113.516242	22.4519819	270.69	19.964	0.67661	-0.03564	-0.03561	-0.73459
 None	0.1035	0.0044	1.0249	0.0	0.0	0.0	0.231	-5.768	-94.719	38.46	-415	-34	-209	113.516211	22.4519819	270.69	19.964	0.67661	-0.03564	-0.03561	-0.73459
 None	0.1035	0.0044	1.0249	0.0	0.0	0.0	0.231	-5.768	-94.719	38.46	-415	-34	-209	113.516211	22.4519819	270.72	19.723	0.67661	-0.03564	-0.03561	-0.73459
 None	0.1035	0.0044	1.0249	0.0	0.0	0.0	0.231	-5.768	-94.719	38.46	-415	-34	-209	113.516211	22.4519819	270.72	19.723	0.67657	-0.03564	-0.03561	-0.73462
 None	0.103	0.0044	1.0249	0.0	0.0	0.0	0.236	-5.768	-94.73	38.55	-415	-36	-209	113.516211	22.4519819	270.72	19.723	0.67657	-0.03564	-0.03561	-0.73462
 None	0.103	0.0044	1.0249	0.0	0.0	0.0	0.236	-5.768	-94.73	38.55	-415	-36	-209	113.516211	22.4519819	270.72	19.723	0.67657	-0.03564	-0.03561	-0.73462
 None	0.103	0.0044	1.0249	0.0	0.0	0.0	0.236	-5.768	-94.73	38.55	-415	-36	-209	113.516211	22.4519819	270.72	19.723	0.67657	-0.03564	-0.03561	-0.73462
 None	0.103	0.0044	1.0249	0.0	0.0	0.0	0.236	-5.768	-94.73	38.55	-415	-36	-209	113.516211	22.4519819	270.72	19.723	0.67651	-0.03564	-0.03561	-0.73468
 None	0.1035	0.0044	1.0249	0.0	0.0	0.0	0.236	-5.768	-94.741	38.47	-415	-32	-207	113.516211	22.4519819	270.72	19.723	0.67651	-0.03564	-0.03561	-0.73468
 None	0.1035	0.0044	1.0249	0.0	0.0	0.0	0.236	-5.768	-94.741	38.47	-415	-32	-207	113.516211	22.4519819	270.72	19.723	0.67651	-0.03564	-0.03561	-0.73468
 None	0.1035	0.0044	1.0249	0.0	0.0	0.0	0.236	-5.768	-94.741	38.47	-415	-32	-207	113.516211	22.4519819	270.72	19.723	0.67651	-0.03564	-0.03561	-0.73468
 None	0.1035	0.0044	1.0249	0.0	0.0	0.0	0.236	-5.768	-94.741	38.47	-415	-32	-207	113.516211	22.4519819	270.72	19.723	0.67645	-0.03564	-0.03561	-0.73474
 None	0.1035	0.0039	1.0254	0.0	0.0	0.0	0.236	-5.768	-94.73	38.47	-416	-32	-207	113.516211	22.4519819	270.72	19.723	0.67645	-0.03564	-0.03561	-0.73474
 None	0.1035	0.0039	1.0254	0.0	0.0	0.0	0.236	-5.768	-94.73	38.47	-416	-32	-207	113.516211	22.4519819	270.72	19.723	0.67645	-0.03564	-0.03561	-0.73474
 None	0.1035	0.0039	1.0254	0.0	0.0	0.0	0.236	-5.768	-94.73	38.47	-416	-32	-207	113.516211	22.4519819	270.72	19.723	0.67645	-0.03564	-0.03561	-0.73474
 None	0.1035	0.0039	1.0254	0.0	0.0	0.0	0.236	-5.768	-94.73	38.47	-416	-32	-207	113.516211	22.4519819	270.72	19.723	0.67651	-0.03561	-0.03561	-0.73468
 None	0.104	0.0039	1.0249	0.0	0.0	0.0	0.231	-5.768	-94.713	38.53	-417	-33	-209	113.516211	22.4519819	270.72	19.723	0.67651	-0.03561	-0.03561	-0.73468
 None	0.104	0.0039	1.0249	0.0	0.0	0.0	0.231	-5.768	-94.713	38.53	-417	-33	-209	113.516211	22.4519819	270.72	19.723	0.67651	-0.03561	-0.03561	-0.73468
 None	0.104	0.0039	1.0249	0.0	0.0	0.0	0.231	-5.768	-94.713	38.53	-417	-33	-209	113.516211	22.4519819	270.72	19.723	0.67651	-0.03561	-0.03561	-0.73468
 None	0.104	0.0039	1.0249	0.0	0.0	0.0	0.231	-5.768	-94.713	38.53	-417	-33	-209	113.516211	22.4519819	270.72	19.723	0.67661	-0.03561	-0.03561	-0.73459
 None	0.1035	0.0039	1.0249	0.0	0.0	0.0	0.231	-5.768	-94.713	38.48	-417	-34	-209	113.516211	22.4519819	270.72	19.723	0.67661	-0.03561	-0.03561	-0.73459
 None	0.1035	0.0039	1.0249	0.0	0.0	0.0	0.231	-5.768	-94.713	38.48	-417	-34	-209	113.516211	22.4519819	270.72	19.723	0.67661	-0.03561	-0.03561	-0.73459
 None	0.1035	0.0039	1.0249	0.0	0.0	0.0	0.231	-5.768	-94.713	38.48	-417	-34	-209	113.516211	22.4519819	270.72	19.723	0.67661	-0.03561	-0.03561	-0.73459
 None	0.1035	0.0039	1.0249	0.0	0.0	0.0	0.231	-5.768	-94.713	38.48	-417	-34	-209	113.516211	22.4519819	270.72	19.723	0.67661	-0.03564	-0.03558	-0.73459
 None	0.103	0.0044	1.0254	0.0	0.0	0.0	0.231	-5.768	-94.708	38.5	-419	-31	-209	113.516211	22.4519819	270.72	19.723	0.67661	-0.03564	-0.03558	-0.73459
 None	0.103	0.0044	1.0254	0.0	0.0	0.0	0.231	-5.768	-94.708	38.5	-419	-31	-209	113.516211	22.4519819	270.72	19.723	0.67661	-0.03564	-0.03558	-0.73459
 None	0.103	0.0044	1.0254	0.0	0.0	0.0	0.231	-5.768	-94.708	38.5	-419	-31	-209	113.516211	22.4519819	270.72	19.723	0.67661	-0.03564	-0.03558	-0.73459
 None	0.103	0.0044	1.0254	0.0	0.0	0.0	0.231	-5.768	-94.708	38.5	-419	-31	-209	113.516211	22.4519819	270.72	19.723	0.67664	-0.03564	-0.03558	-0.73456
 None	0.1035	0.0044	1.0259	0.0	0.0	0.0	0.231	-5.768	-94.686	38.47	-415	-32	-209	113.516211	22.4519819	270.72	19.723	0.67664	-0.03564	-0.03558	-0.73456
 None	0.1035	0.0044	1.0259	0.0	0.0	0.0	0.231	-5.768	-94.686	38.47	-415	-32	-209	113.516211	22.4519819	270.72	19.723	0.67664	-0.03564	-0.03558	-0.73456
 None	0.1035	0.0044	1.0259	0.0	0.0	0.0	0.231	-5.768	-94.686	38.47	-415	-32	-209	113.516211	22.4519819	270.72	19.723	0.67664	-0.03564	-0.03558	-0.73456
 None	0.1035	0.0044	1.0259	0.0	0.0	0.0	0.231	-5.768	-94.686	38.47	-415	-32	-209	113.516211	22.4519819	270.72	19.723	0.67679	-0.03561	-0.03558	-0.73441
 None	0.1035	0.0049	1.0254	0.0	0.0	0.0	0.231	-5.768	-94.686	38.45	-416	-33	-209	113.516211	22.4519819	270.72	19.723	0.67679	-0.03561	-0.03558	-0.73441
 None	0.1035	0.0049	1.0254	0.0	0.0	0.0	0.231	-5.768	-94.686	38.45	-416	-33	-209	113.516211	22.4519819	270.72	19.723	0.67679	-0.03561	-0.03558	-0.73441
 None	0.1035	0.0049	1.0254	0.0	0.0	0.0	0.231	-5.768	-94.686	38.45	-416	-33	-209	113.516211	22.4519819	270.72	19.723	0.67679	-0.03561	-0.03558	-0.73441
 None	0.1035	0.0049	1.0254	0.0	0.0	0.0	0.231	-5.768	-94.686	38.45	-416	-33	-209	113.516211	22.4519819	270.72	19.723	0.67682	-0.03561	-0.03561	-0.73441
 None	0.103	0.0049	1.0249	0.0	0.0	0.0	0.236	-5.768	-94.686	38.44	-414	-34	-208	113.516211	22.4519819	270.72	19.723	0.67682	-0.03561	-0.03561	-0.73441
 None	0.103	0.0049	1.0249	0.0	0.0	0.0	0.236	-5.768	-94.686	38.44	-414	-34	-208	113.516211	22.4519819	270.72	19.723	0.67682	-0.03561	-0.03561	-0.73441
 None	0.103	0.0049	1.0249	0.0	0.0	0.0	0.236	-5.768	-94.686	38.44	-414	-34	-208	113.516211	22.4519819	270.72	19.723	0.67682	-0.03561	-0.03561	-0.73441
 None	0.103	0.0049	1.0249	0.0	0.0	0.0	0.236	-5.768	-94.686	38.44	-414	-34	-208	113.516211	22.4519819	270.72	19.723	0.67679	-0.03558	-0.03561	-0.73444
 None	0.103	0.0039	1.0244	0.0	0.0	0.0	0.236	-5.762	-94.686	38.48	-411	-33	-208	113.516211	22.4519819	270.72	19.723	0.67679	-0.03558	-0.03561	-0.73444
 None	0.103	0.0039	1.0244	0.0	0.0	0.0	0.236	-5.762	-94.686	38.48	-411	-33	-208	113.51618	22.451984	270.72	19.723	0.67679	-0.03558	-0.03561	-0.73444
 None	0.103	0.0039	1.0244	0.0	0.0	0.0	0.236	-5.762	-94.686	38.48	-411	-33	-208	113.51618	22.451984	271.04	20.001	0.67679	-0.03558	-0.03561	-0.73444
 None	0.103	0.0039	1.0244	0.0	0.0	0.0	0.236	-5.762	-94.686	38.48	-411	-33	-208	113.51618	22.451984	271.04	20.001	0.67682	-0.03558	-0.03561	-0.73441
 None	0.1035	0.0034	1.0249	0.0	0.0	0.0	0.231	-5.762	-94.691	38.47	-414	-34	-209	113.51618	22.451984	271.04	20.001	0.67682	-0.03558	-0.03561	-0.73441
 None	0.1035	0.0034	1.0249	0.0	0.0	0.0	0.231	-5.762	-94.691	38.47	-414	-34	-209	113.51618	22.451984	271.04	20.001	0.67682	-0.03558	-0.03561	-0.73441
 None	0.1035	0.0034	1.0249	0.0	0.0	0.0	0.231	-5.762	-94.691	38.47	-414	-34	-209	113.51618	22.451984	271.04	20.001	0.67682	-0.03558	-0.03561	-0.73441
 None	0.1035	0.0034	1.0249	0.0	0.0	0.0	0.231	-5.762	-94.691	38.47	-414	-34	-209	113.51618	22.451984	271.04	20.001	0.67676	-0.03558	-0.03558	-0.73447
 None	0.1035	0.0039	1.0254	0.0	0.0	0.0	0.231	-5.762	-94.697	38.5	-418	-35	-208	113.51618	22.451984	271.04	20.001	0.67676	-0.03558	-0.03558	-0.73447
 None	0.1035	0.0039	1.0254	0.0	0.0	0.0	0.231	-5.762	-94.697	38.5	-418	-35	-208	113.51618	22.451984	271.04	20.001	0.67676	-0.03558	-0.03558	-0.73447
 None	0.1035	0.0039	1.0254	0.0	0.0	0.0	0.231	-5.762	-94.697	38.5	-418	-35	-208	113.51618	22.451984	271.04	20.001	0.67676	-0.03558	-0.03558	-0.73447
 None	0.1035	0.0039	1.0254	0.0	0.0	0.0	0.231	-5.762	-94.697	38.5	-418	-35	-208	113.51618	22.451984	271.04	20.001	0.67673	-0.03558	-0.03555	-0.7345
 None	0.1035	0.0044	1.0249	0.0	0.0	0.0	0.231	-5.762	-94.713	38.47	-415	-36	-207	113.51618	22.451984	271.04	20.001	0.67673	-0.03558	-0.03555	-0.7345
 None	0.1035	0.0044	1.0249	0.0	0.0	0.0	0.231	-5.762	-94.713	38.47	-415	-36	-207	113.51618	22.451984	271.04	20.001	0.67673	-0.03558	-0.03555	-0.7345
 None	0.1035	0.0044	1.0249	0.0	0.0	0.0	0.231	-5.762	-94.713	38.47	-415	-36	-207	113.51618	22.451984	271.04	20.001	0.67673	-0.03558	-0.03555	-0.7345
 None	0.1035	0.0044	1.0249	0.0	0.0	0.0	0.231	-5.762	-94.713	38.47	-415	-36	-207	113.51618	22.451984	271.04	20.001	0.67661	-0.03558	-0.03555	-0.73459
 None	0.1035	0.0044	1.0249	0.0	0.0	0.0	0.236	-5.762	-94.73	38.49	-414	-34	-209	113.51618	22.451984	271.04	20.001	0.67661	-0.03558	-0.03555	-0.73459
 None	0.1035	0.0044	1.0249	0.0	0.0	0.0	0.236	-5.762	-94.73	38.49	-414	-34	-209	113.51618	22.451984	271.04	20.001	0.67661	-0.03558	-0.03555	-0.73459
 None	0.1035	0.0044	1.0249	0.0	0.0	0.0	0.236	-5.762	-94.73	38.49	-414	-34	-209	113.51618	22.451984	271.04	20.001	0.67661	-0.03558	-0.03555	-0.73459
 None	0.1035	0.0044	1.0249	0.0	0.0	0.0	0.236	-5.762	-94.73	38.49	-414	-34	-209	113.51618	22.451984	271.04	20.001	0.67651	-0.03558	-0.03558	-0.73468
 None	0.1035	0.0034	1.0249	0.0	0.0	0.0	0.231	-5.762	-94.73	38.44	-416	-32	-207	113.51618	22.451984	271.04	20.001	0.67651	-0.03558	-0.03558	-0.73468
 None	0.1035	0.0034	1.0249	0.0	0.0	0.0	0.231	-5.762	-94.73	38.44	-416	-32	-207	113.51618	22.451984	271.04	20.001	0.67651	-0.03558	-0.03558	-0.73468
 None	0.1035	0.0034	1.0249	0.0	0.0	0.0	0.231	-5.762	-94.73	38.44	-416	-32	-207	113.51618	22.451984	271.04	20.001	0.67651	-0.03558	-0.03558	-0.73468
 None	0.1035	0.0034	1.0249	0.0	0.0	0.0	0.231	-5.762	-94.73	38.44	-416	-32	-207	113.51618	22.451984	271.04	20.001	0.67651	-0.03561	-0.03555	-0.73468
 None	0.1035	0.0039	1.0254	0.0	0.0	0.0	0.231	-5.762	-94.713	38.45	-417	-32	-205	113.51618	22.451984	271.04	20.001	0.67651	-0.03561	-0.03555	-0.73468
 None	0.1035	0.0039	1.0254	0.0	0.0	0.0	0.231	-5.762	-94.713	38.45	-417	-32	-205	113.51618	22.451984	271.04	20.001	0.67651	-0.03561	-0.03555	-0.73468
 None	0.1035	0.0039	1.0254	0.0	0.0	0.0	0.231	-5.762	-94.713	38.45	-417	-32	-205	113.51618	22.451984	271.04	20.001	0.67651	-0.03561	-0.03555	-0.73468
 None	0.1035	0.0039	1.0254	0.0	0.0	0.0	0.231	-5.762	-94.713	38.45	-417	-32	-205	113.51618	22.451984	271.04	20.001	0.67664	-0.03561	-0.03555	-0.73459
 None	0.104	0.0044	1.0254	0.0	0.0	0.0	0.231	-5.762	-94.713	38.49	-417	-35	-210	113.51618	22.451984	271.04	20.001	0.67664	-0.03561	-0.03555	-0.73459
 None	0.104	0.0044	1.0254	0.0	0.0	0.0	0.231	-5.762	-94.713	38.49	-417	-35	-210	113.51618	22.451984	271.04	20.001	0.67664	-0.03561	-0.03555	-0.73459
 None	0.104	0.0044	1.0254	0.0	0.0	0.0	0.231	-5.762	-94.713	38.49	-417	-35	-210	113.51618	22.451984	271.04	20.001	0.67664	-0.03561	-0.03555	-0.73459
 None	0.104	0.0044	1.0254	0.0	0.0	0.0	0.231	-5.762	-94.713	38.49	-417	-35	-210	113.51618	22.451984	271.04	20.001	0.67664	-0.03561	-0.03555	-0.73459
 None	0.1035	0.0044	1.0254	0.0	0.0	0.0	0.231	-5.768	-94.719	38.45	-415	-34	-210	113.51618	22.451984	271.04	20.001	0.67664	-0.03561	-0.03555	-0.73459
 None	0.1035	0.0044	1.0254	0.0	0.0	0.0	0.231	-5.768	-94.719	38.45	-415	-34	-210	113.51618	22.451984	271.04	20.001	0.67664	-0.03561	-0.03555	-0.73459
 None	0.1035	0.0044	1.0254	0.0	0.0	0.0	0.231	-5.768	-94.719	38.45	-415	-34	-210	113.51618	22.451984	271.04	20.001	0.67664	-0.03561	-0.03555	-0.73459
 None	0.1035	0.0044	1.0254	0.0	0.0	0.0	0.231	-5.768	-94.719	38.45	-415	-34	-210	113.51618	22.451984	271.04	20.001	0.67661	-0.03561	-0.03555	-0.73459
 None	0.104	0.0044	1.0254	0.0	0.0	0.0	0.231	-5.768	-94.708	38.55	-416	-33	-206	113.51618	22.451984	271.04	20.001	0.67661	-0.03561	-0.03555	-0.73459
 None	0.104	0.0044	1.0254	0.0	0.0	0.0	0.231	-5.768	-94.708	38.55	-416	-33	-206	113.51618	22.451984	271.04	20.001	0.67661	-0.03561	-0.03555	-0.73459
 None	0.104	0.0044	1.0254	0.0	0.0	0.0	0.231	-5.768	-94.708	38.55	-416	-33	-206	113.51618	22.451984	271.04	20.001	0.67661	-0.03561	-0.03555	-0.73459
 None	0.104	0.0044	1.0254	0.0	0.0	0.0	0.231	-5.768	-94.708	38.55	-416	-33	-206	113.51618	22.451984	271.04	20.001	0.67664	-0.03561	-0.03558	-0.73456
 None	0.104	0.0044	1.0249	0.0	0.0	0.0	0.231	-5.768	-94.713	38.5	-413	-34	-206	113.51618	22.451984	271.04	20.001	0.67664	-0.03561	-0.03558	-0.73456
 None	0.104	0.0044	1.0249	0.0	0.0	0.0	0.231	-5.768	-94.713	38.5	-413	-34	-206	113.516148	22.451986	271.04	20.001	0.67664	-0.03561	-0.03558	-0.73456
 None	0.104	0.0044	1.0249	0.0	0.0	0.0	0.231	-5.768	-94.713	38.5	-413	-34	-206	113.516148	22.451986	271.24	19.964	0.67664	-0.03561	-0.03558	-0.73456
 None	0.104	0.0044	1.0249	0.0	0.0	0.0	0.231	-5.768	-94.713	38.5	-413	-34	-206	113.516148	22.451986	271.24	19.964	0.67661	-0.03561	-0.03558	-0.73459
 None	0.1035	0.0044	1.0249	0.0	0.0	0.0	0.231	-5.768	-94.708	38.53	-417	-32	-210	113.516148	22.451986	271.24	19.964	0.67661	-0.03561	-0.03558	-0.73459
 None	0.1035	0.0044	1.0249	0.0	0.0	0.0	0.231	-5.768	-94.708	38.53	-417	-32	-210	113.516148	22.451986	271.24	19.964	0.67661	-0.03561	-0.03558	-0.73459
 None	0.1035	0.0044	1.0249	0.0	0.0	0.0	0.231	-5.768	-94.708	38.53	-417	-32	-210	113.516148	22.451986	271.24	19.964	0.67661	-0.03561	-0.03558	-0.73459
 None	0.1035	0.0044	1.0249	0.0	0.0	0.0	0.231	-5.768	-94.708	38.53	-417	-32	-210	113.516148	22.451986	271.24	19.964	0.67667	-0.03561	-0.03558	-0.73453
 None	0.1035	0.0039	1.0254	0.0	0.0	0.0	0.231	-5.768	-94.697	38.48	-415	-34	-209	113.516148	22.451986	271.24	19.964	0.67667	-0.03561	-0.03558	-0.73453
 None	0.1035	0.0039	1.0254	0.0	0.0	0.0	0.231	-5.768	-94.697	38.48	-415	-34	-209	113.516148	22.451986	271.24	19.964	0.67667	-0.03561	-0.03558	-0.73453
 None	0.1035	0.0039	1.0254	0.0	0.0	0.0	0.231	-5.768	-94.697	38.48	-415	-34	-209	113.516148	22.451986	271.24	19.964	0.67667	-0.03561	-0.03558	-0.73453
 None	0.1035	0.0039	1.0254	0.0	0.0	0.0	0.231	-5.768	-94.697	38.48	-415	-34	-209	113.516148	22.451986	271.24	19.964	0.6767	-0.03561	-0.03558	-0.7345
 None	0.104	0.0044	1.0249	0.0	0.0	0.0	0.231	-5.768	-94.719	38.52	-414	-34	-209	113.516148	22.451986	271.24	19.964	0.6767	-0.03561	-0.03558	-0.7345
 None	0.104	0.0044	1.0249	0.0	0.0	0.0	0.231	-5.768	-94.719	38.52	-414	-34	-209	113.516148	22.451986	271.24	19.964	0.6767	-0.03561	-0.03558	-0.7345
 None	0.104	0.0044	1.0249	0.0	0.0	0.0	0.231	-5.768	-94.719	38.52	-414	-34	-209	113.516148	22.451986	271.24	19.964	0.6767	-0.03561	-0.03558	-0.7345
 None	0.104	0.0044	1.0249	0.0	0.0	0.0	0.231	-5.768	-94.719	38.52	-414	-34	-209	113.516148	22.451986	271.24	19.964	0.67657	-0.03564	-0.03558	-0.73462
 None	0.1035	0.0049	1.0244	0.0	0.0	0.0	0.231	-5.768	-94.719	38.53	-417	-35	-207	113.516148	22.451986	271.24	19.964	0.67657	-0.03564	-0.03558	-0.73462
 None	0.1035	0.0049	1.0244	0.0	0.0	0.0	0.231	-5.768	-94.719	38.53	-417	-35	-207	113.516148	22.451986	271.24	19.964	0.67657	-0.03564	-0.03558	-0.73462
 None	0.1035	0.0049	1.0244	0.0	0.0	0.0	0.231	-5.768	-94.719	38.53	-417	-35	-207	113.516148	22.451986	271.24	19.964	0.67657	-0.03564	-0.03558	-0.73462
 None	0.1035	0.0049	1.0244	0.0	0.0	0.0	0.231	-5.768	-94.719	38.53	-417	-35	-207	113.516148	22.451986	271.24	19.964	0.67657	-0.03564	-0.03558	-0.73462
 None	0.104	0.0049	1.0244	0.0	0.0	0.0	0.231	-5.768	-94.724	38.48	-418	-34	-208	113.516148	22.451986	271.24	19.964	0.67657	-0.03564	-0.03558	-0.73462
 None	0.104	0.0049	1.0244	0.0	0.0	0.0	0.231	-5.768	-94.724	38.48	-418	-34	-208	113.516148	22.451986	271.24	19.964	0.67657	-0.03564	-0.03558	-0.73462
 None	0.104	0.0049	1.0244	0.0	0.0	0.0	0.231	-5.768	-94.724	38.48	-418	-34	-208	113.516148	22.451986	271.24	19.964	0.67657	-0.03564	-0.03558	-0.73462
 None	0.104	0.0049	1.0244	0.0	0.0	0.0	0.231	-5.768	-94.724	38.48	-418	-34	-208	113.516148	22.451986	271.24	19.964	0.67654	-0.03561	-0.03561	-0.73465
 None	0.103	0.0049	1.0249	0.0	0.0	0.0	0.236	-5.768	-94.724	38.56	-415	-34	-207	113.516148	22.451986	271.24	19.964	0.67654	-0.03561	-0.03561	-0.73465
 None	0.103	0.0049	1.0249	0.0	0.0	0.0	0.236	-5.768	-94.724	38.56	-415	-34	-207	113.516148	22.451986	271.24	19.964	0.67654	-0.03561	-0.03561	-0.73465
 None	0.103	0.0049	1.0249	0.0	0.0	0.0	0.236	-5.768	-94.724	38.56	-415	-34	-207	113.516148	22.451986	271.24	19.964	0.67654	-0.03561	-0.03561	-0.73465
 None	0.103	0.0049	1.0249	0.0	0.0	0.0	0.236	-5.768	-94.724	38.56	-415	-34	-207	113.516148	22.451986	271.24	19.964	0.67654	-0.03561	-0.03561	-0.73465
 None	0.103	0.0039	1.0244	0.0	0.0	0.0	0.236	-5.768	-94.724	38.53	-416	-32	-209	113.516148	22.451986	271.24	19.964	0.67654	-0.03561	-0.03561	-0.73465
 None	0.103	0.0039	1.0244	0.0	0.0	0.0	0.236	-5.768	-94.724	38.53	-416	-32	-209	113.516148	22.451986	271.24	19.964	0.67654	-0.03561	-0.03561	-0.73465
 None	0.103	0.0039	1.0244	0.0	0.0	0.0	0.236	-5.768	-94.724	38.53	-416	-32	-209	113.516148	22.451986	271.24	19.964	0.67654	-0.03561	-0.03561	-0.73465
 None	0.103	0.0039	1.0244	0.0	0.0	0.0	0.236	-5.768	-94.724	38.53	-416	-32	-209	113.516148	22.451986	271.24	19.964	0.67654	-0.03561	-0.03561	-0.73465
 None	0.1035	0.0039	1.0249	0.0	0.0	0.0	0.236	-5.768	-94.735	38.54	-415	-36	-208	113.516148	22.451986	271.24	19.964	0.67654	-0.03561	-0.03561	-0.73465
 None	0.1035	0.0039	1.0249	0.0	0.0	0.0	0.236	-5.768	-94.735	38.54	-415	-36	-208	113.516148	22.451986	271.24	19.964	0.67654	-0.03561	-0.03561	-0.73465
 None	0.1035	0.0039	1.0249	0.0	0.0	0.0	0.236	-5.768	-94.735	38.54	-415	-36	-208	113.516148	22.451986	271.24	19.964	0.67654	-0.03561	-0.03561	-0.73465
 None	0.1035	0.0039	1.0249	0.0	0.0	0.0	0.236	-5.768	-94.735	38.54	-415	-36	-208	113.516148	22.451986	271.24	19.964	0.67648	-0.03561	-0.03558	-0.73471
 None	0.1035	0.0044	1.0249	0.0	0.0	0.0	0.236	-5.768	-94.735	38.45	-418	-32	-206	113.516148	22.451986	271.24	19.964	0.67648	-0.03561	-0.03558	-0.73471
 None	0.1035	0.0044	1.0249	0.0	0.0	0.0	0.236	-5.768	-94.735	38.45	-418	-32	-206	113.516148	22.451986	271.24	19.964	0.67648	-0.03561	-0.03558	-0.73471
 None	0.1035	0.0044	1.0249	0.0	0.0	0.0	0.236	-5.768	-94.735	38.45	-418	-32	-206	113.516148	22.451986	271.24	19.964	0.67648	-0.03561	-0.03558	-0.73471
 None	0.1035	0.0044	1.0249	0.0	0.0	0.0	0.236	-5.768	-94.735	38.45	-418	-32	-206	113.516148	22.451986	271.24	19.964	0.67648	-0.03561	-0.03558	-0.73471
 None	0.1035	0.0039	1.0254	0.0	0.0	0.0	0.231	-5.768	-94.735	38.48	-413	-36	-208	113.516148	22.451986	271.24	19.964	0.67648	-0.03561	-0.03558	-0.73471
 None	0.1035	0.0039	1.0254	0.0	0.0	0.0	0.231	-5.768	-94.735	38.48	-413	-36	-208	113.516117	22.451988	271.24	19.964	0.67648	-0.03561	-0.03558	-0.73471
 None	0.1035	0.0039	1.0254	0.0	0.0	0.0	0.231	-5.768	-94.735	38.48	-413	-36	-208	113.516117	22.451988	271.42	20.353	0.67648	-0.03561	-0.03558	-0.73471
 None	0.1035	0.0039	1.0254	0.0	0.0	0.0	0.231	-5.768	-94.735	38.48	-413	-36	-208	113.516117	22.451988	271.42	20.353	0.67648	-0.03561	-0.03558	-0.73471
 None	0.1035	0.0039	1.0254	0.0	0.0	0.0	0.231	-5.768	-94.752	38.54	-416	-34	-205	113.516117	22.451988	271.42	20.353	0.67648	-0.03561	-0.03558	-0.73471
 None	0.1035	0.0039	1.0254	0.0	0.0	0.0	0.231	-5.768	-94.752	38.54	-416	-34	-205	113.516117	22.451988	271.42	20.353	0.67648	-0.03561	-0.03558	-0.73471
 None	0.1035	0.0039	1.0254	0.0	0.0	0.0	0.231	-5.768	-94.752	38.54	-416	-34	-205	113.516117	22.451988	271.42	20.353	0.67648	-0.03561	-0.03558	-0.73471
 None	0.1035	0.0039	1.0254	0.0	0.0	0.0	0.231	-5.768	-94.752	38.54	-416	-34	-205	113.516117	22.451988	271.42	20.353	0.67639	-0.03561	-0.03558	-0.7348
 None	0.1035	0.0044	1.0249	0.0	0.0	0.0	0.236	-5.768	-94.752	38.47	-415	-34	-207	113.516117	22.451988	271.42	20.353	0.67639	-0.03561	-0.03558	-0.7348
 None	0.1035	0.0044	1.0249	0.0	0.0	0.0	0.236	-5.768	-94.752	38.47	-415	-34	-207	113.516117	22.451988	271.42	20.353	0.67639	-0.03561	-0.03558	-0.7348
 None	0.1035	0.0044	1.0249	0.0	0.0	0.0	0.236	-5.768	-94.752	38.47	-415	-34	-207	113.516117	22.451988	271.42	20.353	0.67639	-0.03561	-0.03558	-0.7348
 None	0.1035	0.0044	1.0249	0.0	0.0	0.0	0.236	-5.768	-94.752	38.47	-415	-34	-207	113.516117	22.451988	271.42	20.353	0.67636	-0.03561	-0.03558	-0.73483
 None	0.1035	0.0044	1.0249	0.0	0.0	0.0	0.236	-5.768	-94.746	38.48	-417	-32	-207	113.516117	22.451988	271.42	20.353	0.67636	-0.03561	-0.03558	-0.73483
 None	0.1035	0.0044	1.0249	0.0	0.0	0.0	0.236	-5.768	-94.746	38.48	-417	-32	-207	113.516117	22.451988	271.42	20.353	0.67636	-0.03561	-0.03558	-0.73483
 None	0.1035	0.0044	1.0249	0.0	0.0	0.0	0.236	-5.768	-94.746	38.48	-417	-32	-207	113.516117	22.451988	271.42	20.353	0.67636	-0.03561	-0.03558	-0.73483
 None	0.1035	0.0044	1.0249	0.0	0.0	0.0	0.236	-5.768	-94.746	38.48	-417	-32	-207	113.516117	22.451988	271.42	20.353	0.67639	-0.03561	-0.03558	-0.73477
 None	0.104	0.0044	1.0249	0.0	0.0	0.0	0.236	-5.768	-94.735	38.48	-415	-32	-209	113.516117	22.451988	271.42	20.353	0.67639	-0.03561	-0.03558	-0.73477
 None	0.104	0.0044	1.0249	0.0	0.0	0.0	0.236	-5.768	-94.735	38.48	-415	-32	-209	113.516117	22.451988	271.42	20.353	0.67639	-0.03561	-0.03558	-0.73477
 None	0.104	0.0044	1.0249	0.0	0.0	0.0	0.236	-5.768	-94.735	38.48	-415	-32	-209	113.516117	22.451988	271.42	20.353	0.67639	-0.03561	-0.03558	-0.73477
 None	0.104	0.0044	1.0249	0.0	0.0	0.0	0.236	-5.768	-94.735	38.48	-415	-32	-209	113.516117	22.451988	271.42	20.353	0.67645	-0.03561	-0.03558	-0.73474
 None	0.1035	0.0044	1.0254	0.0	0.0	0.0	0.236	-5.768	-94.719	38.53	-416	-34	-207	113.516117	22.451988	271.42	20.353	0.67645	-0.03561	-0.03558	-0.73474
 None	0.1035	0.0044	1.0254	0.0	0.0	0.0	0.236	-5.768	-94.719	38.53	-416	-34	-207	113.516117	22.451988	271.42	20.353	0.67645	-0.03561	-0.03558	-0.73474
 None	0.1035	0.0044	1.0254	0.0	0.0	0.0	0.236	-5.768	-94.719	38.53	-416	-34	-207	113.516117	22.451988	271.42	20.353	0.67645	-0.03561	-0.03558	-0.73474
 None	0.1035	0.0044	1.0254	0.0	0.0	0.0	0.236	-5.768	-94.719	38.53	-416	-34	-207	113.516117	22.451988	271.42	20.353	0.67661	-0.03561	-0.03561	-0.73459
 None	0.103	0.0044	1.0259	0.0	0.0	0.0	0.236	-5.768	-94.713	38.48	-416	-33	-207	113.516117	22.451988	271.42	20.353	0.67661	-0.03561	-0.03561	-0.73459
 None	0.103	0.0044	1.0259	0.0	0.0	0.0	0.236	-5.768	-94.713	38.48	-416	-33	-207	113.516117	22.451988	271.42	20.353	0.67661	-0.03561	-0.03561	-0.73459
 None	0.103	0.0044	1.0259	0.0	0.0	0.0	0.236	-5.768	-94.713	38.48	-416	-33	-207	113.516117	22.451988	271.42	20.353	0.67661	-0.03561	-0.03561	-0.73459
 None	0.103	0.0044	1.0259	0.0	0.0	0.0	0.236	-5.768	-94.713	38.48	-416	-33	-207	113.516117	22.451988	271.42	20.353	0.67661	-0.03558	-0.03558	-0.73459
 None	0.103	0.0044	1.0254	0.0	0.0	0.0	0.236	-5.762	-94.719	38.51	-414	-35	-210	113.516117	22.451988	271.42	20.353	0.67661	-0.03558	-0.03558	-0.73459
 None	0.103	0.0044	1.0254	0.0	0.0	0.0	0.236	-5.762	-94.719	38.51	-414	-35	-210	113.516117	22.451988	271.42	20.353	0.67661	-0.03558	-0.03558	-0.73459
 None	0.103	0.0044	1.0254	0.0	0.0	0.0	0.236	-5.762	-94.719	38.51	-414	-35	-210	113.516117	22.451988	271.42	20.353	0.67661	-0.03558	-0.03558	-0.73459
 None	0.103	0.0044	1.0254	0.0	0.0	0.0	0.236	-5.762	-94.719	38.51	-414	-35	-210	113.516117	22.451988	271.42	20.353	0.67657	-0.03558	-0.03558	-0.73462
 None	0.104	0.0044	1.0249	0.0	0.0	0.0	0.236	-5.762	-94.719	38.51	-417	-33	-209	113.516117	22.451988	271.42	20.353	0.67657	-0.03558	-0.03558	-0.73462
 None	0.104	0.0044	1.0249	0.0	0.0	0.0	0.236	-5.762	-94.719	38.51	-417	-33	-209	113.516117	22.451988	271.42	20.353	0.67657	-0.03558	-0.03558	-0.73462
 None	0.104	0.0044	1.0249	0.0	0.0	0.0	0.236	-5.762	-94.719	38.51	-417	-33	-209	113.516117	22.451988	271.42	20.353	0.67657	-0.03558	-0.03558	-0.73462
 None	0.104	0.0044	1.0249	0.0	0.0	0.0	0.236	-5.762	-94.719	38.51	-417	-33	-209	113.516117	22.451988	271.42	20.353	0.67661	-0.03558	-0.03558	-0.73462
 None	0.1035	0.0044	1.0249	0.0	0.0	0.0	0.236	-5.762	-94.686	38.49	-415	-29	-209	113.516117	22.451988	271.42	20.353	0.67661	-0.03558	-0.03558	-0.73462
 None	0.1035	0.0044	1.0249	0.0	0.0	0.0	0.236	-5.762	-94.686	38.49	-415	-29	-209	113.516117	22.451988	271.42	20.353	0.67661	-0.03558	-0.03558	-0.73462
 None	0.1035	0.0044	1.0249	0.0	0.0	0.0	0.236	-5.762	-94.686	38.49	-415	-29	-209	113.516117	22.451988	271.42	20.353	0.67661	-0.03558	-0.03558	-0.73462
 None	0.1035	0.0044	1.0249	0.0	0.0	0.0	0.236	-5.762	-94.686	38.49	-415	-29	-209	113.516117	22.451988	271.42	20.353	0.67679	-0.03558	-0.03561	-0.73441
 None	0.1035	0.0044	1.0244	0.0	0.0	0.0	0.236	-5.762	-94.669	38.5	-414	-34	-206	113.516117	22.451988	271.42	20.353	0.67679	-0.03558	-0.03561	-0.73441
 None	0.1035	0.0044	1.0244	0.0	0.0	0.0	0.236	-5.762	-94.669	38.5	-414	-34	-206	113.516085	22.45199	271.42	20.353	0.67679	-0.03558	-0.03561	-0.73441
 None	0.1035	0.0044	1.0244	0.0	0.0	0.0	0.236	-5.762	-94.669	38.5	-414	-34	-206	113.516085	22.45199	271.68	20.112	0.67679	-0.03558	-0.03561	-0.73441
 None	0.1035	0.0044	1.0244	0.0	0.0	0.0	0.236	-5.762	-94.669	38.5	-414	-34	-206	113.516085	22.45199	271.68	20.112	0.67691	-0.03555	-0.03561	-0.73431
 None	0.1035	0.0044	1.0254	0.0	0.0	0.0	0.236	-5.762	-94.675	38.5	-412	-33	-206	113.516085	22.45199	271.68	20.112	0.67691	-0.03555	-0.03561	-0.73431
 None	0.1035	0.0044	1.0254	0.0	0.0	0.0	0.236	-5.762	-94.675	38.5	-412	-33	-206	113.516085	22.45199	271.68	20.112	0.67691	-0.03555	-0.03561	-0.73431
 None	0.1035	0.0044	1.0254	0.0	0.0	0.0	0.236	-5.762	-94.675	38.5	-412	-33	-206	113.516085	22.45199	271.68	20.112	0.67691	-0.03555	-0.03561	-0.73431
 None	0.1035	0.0044	1.0254	0.0	0.0	0.0	0.236	-5.762	-94.675	38.5	-412	-33	-206	113.516085	22.45199	271.68	20.112	0.67688	-0.03555	-0.03561	-0.73434
 None	0.1035	0.0044	1.0264	0.0	0.0	0.0	0.236	-5.762	-94.691	38.54	-411	-36	-205	113.516085	22.45199	271.68	20.112	0.67688	-0.03555	-0.03561	-0.73434
 None	0.1035	0.0044	1.0264	0.0	0.0	0.0	0.236	-5.762	-94.691	38.54	-411	-36	-205	113.516085	22.45199	271.68	20.112	0.67688	-0.03555	-0.03561	-0.73434
 None	0.1035	0.0044	1.0264	0.0	0.0	0.0	0.236	-5.762	-94.691	38.54	-411	-36	-205	113.516085	22.45199	271.68	20.112	0.67688	-0.03555	-0.03561	-0.73434
 None	0.1035	0.0044	1.0264	0.0	0.0	0.0	0.236	-5.762	-94.691	38.54	-411	-36	-205	113.516085	22.45199	271.68	20.112	0.67676	-0.03555	-0.03561	-0.73444
 None	0.104	0.0044	1.0259	0.0	0.0	0.0	0.236	-5.768	-94.702	38.48	-417	-33	-207	113.516085	22.45199	271.68	20.112	0.67676	-0.03555	-0.03561	-0.73444
 None	0.104	0.0044	1.0259	0.0	0.0	0.0	0.236	-5.768	-94.702	38.48	-417	-33	-207	113.516085	22.45199	271.68	20.112	0.67676	-0.03555	-0.03561	-0.73444
 None	0.104	0.0044	1.0259	0.0	0.0	0.0	0.236	-5.768	-94.702	38.48	-417	-33	-207	113.516085	22.45199	271.68	20.112	0.67676	-0.03555	-0.03561	-0.73444
 None	0.104	0.0044	1.0259	0.0	0.0	0.0	0.236	-5.768	-94.702	38.48	-417	-33	-207	113.516085	22.45199	271.68	20.112	0.6767	-0.03558	-0.03561	-0.73453
 None	0.103	0.0049	1.0249	0.0	0.0	0.0	0.242	-5.762	-94.697	38.53	-417	-32	-207	113.516085	22.45199	271.68	20.112	0.6767	-0.03558	-0.03561	-0.73453
 None	0.103	0.0049	1.0249	0.0	0.0	0.0	0.242	-5.762	-94.697	38.53	-417	-32	-207	113.516085	22.45199	271.68	20.112	0.6767	-0.03558	-0.03561	-0.73453
 None	0.103	0.0049	1.0249	0.0	0.0	0.0	0.242	-5.762	-94.697	38.53	-417	-32	-207	113.516085	22.45199	271.68	20.112	0.6767	-0.03558	-0.03561	-0.73453
 None	0.103	0.0049	1.0249	0.0	0.0	0.0	0.242	-5.762	-94.697	38.53	-417	-32	-207	113.516085	22.45199	271.68	20.112	0.67673	-0.03555	-0.03561	-0.7345
 None	0.103	0.0044	1.0249	0.0	0.0	0.0	0.242	-5.762	-94.697	38.62	-414	-32	-211	113.516085	22.45199	271.68	20.112	0.67673	-0.03555	-0.03561	-0.7345
 None	0.103	0.0044	1.0249	0.0	0.0	0.0	0.242	-5.762	-94.697	38.62	-414	-32	-211	113.516085	22.45199	271.68	20.112	0.67673	-0.03555	-0.03561	-0.7345
 None	0.103	0.0044	1.0249	0.0	0.0	0.0	0.242	-5.762	-94.697	38.62	-414	-32	-211	113.516085	22.45199	271.68	20.112	0.67673	-0.03555	-0.03561	-0.7345
 None	0.103	0.0044	1.0249	0.0	0.0	0.0	0.242	-5.762	-94.697	38.62	-414	-32	-211	113.516085	22.45199	271.68	20.112	0.67673	-0.03555	-0.03561	-0.73447
 None	0.103	0.0034	1.0244	0.0	0.0	0.0	0.236	-5.762	-94.691	38.44	-416	-33	-208	113.516085	22.45199	271.68	20.112	0.67673	-0.03555	-0.03561	-0.73447
 None	0.103	0.0034	1.0244	0.0	0.0	0.0	0.236	-5.762	-94.691	38.44	-416	-33	-208	113.516085	22.45199	271.68	20.112	0.67673	-0.03555	-0.03561	-0.73447
 None	0.103	0.0034	1.0244	0.0	0.0	0.0	0.236	-5.762	-94.691	38.44	-416	-33	-208	113.516085	22.45199	271.68	20.112	0.67673	-0.03555	-0.03561	-0.73447
 None	0.103	0.0034	1.0244	0.0	0.0	0.0	0.236	-5.762	-94.691	38.44	-416	-33	-208	113.516085	22.45199	271.68	20.112	0.67679	-0.03555	-0.03561	-0.73444
 None	0.1035	0.0034	1.0244	0.0	0.0	0.0	0.236	-5.762	-94.686	38.5	-413	-32	-207	113.516085	22.45199	271.68	20.112	0.67679	-0.03555	-0.03561	-0.73444
 None	0.1035	0.0034	1.0244	0.0	0.0	0.0	0.236	-5.762	-94.686	38.5	-413	-32	-207	113.516085	22.45199	271.68	20.112	0.67679	-0.03555	-0.03561	-0.73444
 None	0.1035	0.0034	1.0244	0.0	0.0	0.0	0.236	-5.762	-94.686	38.5	-413	-32	-207	113.516085	22.45199	271.68	20.112	0.67679	-0.03555	-0.03561	-0.73444
 None	0.1035	0.0034	1.0244	0.0	0.0	0.0	0.236	-5.762	-94.686	38.5	-413	-32	-207	113.516085	22.45199	271.68	20.112	0.67679	-0.03555	-0.03558	-0.73444
 None	0.1035	0.0034	1.0249	0.0	0.0	0.0	0.231	-5.762	-94.691	38.46	-414	-34	-205	113.516085	22.45199	271.68	20.112	0.67679	-0.03555	-0.03558	-0.73444
 None	0.1035	0.0034	1.0249	0.0	0.0	0.0	0.231	-5.762	-94.691	38.46	-414	-34	-205	113.516085	22.45199	271.68	20.112	0.67679	-0.03555	-0.03558	-0.73444
 None	0.1035	0.0034	1.0249	0.0	0.0	0.0	0.231	-5.762	-94.691	38.46	-414	-34	-205	113.516085	22.45199	271.68	20.112	0.67679	-0.03555	-0.03558	-0.73444
 None	0.1035	0.0034	1.0249	0.0	0.0	0.0	0.231	-5.762	-94.691	38.46	-414	-34	-205	113.516085	22.45199	271.68	20.112	0.67676	-0.03558	-0.03555	-0.73444
 None	0.1035	0.0034	1.0249	0.0	0.0	0.0	0.231	-5.762	-94.691	38.53	-418	-35	-209	113.516085	22.45199	271.68	20.112	0.67676	-0.03558	-0.03555	-0.73444
 None	0.1035	0.0034	1.0249	0.0	0.0	0.0	0.231	-5.762	-94.691	38.53	-418	-35	-209	113.516085	22.45199	271.68	20.112	0.67676	-0.03558	-0.03555	-0.73444
 None	0.1035	0.0034	1.0249	0.0	0.0	0.0	0.231	-5.762	-94.691	38.53	-418	-35	-209	113.516085	22.45199	271.68	20.112	0.67676	-0.03558	-0.03555	-0.73444
 None	0.1035	0.0034	1.0249	0.0	0.0	0.0	0.231	-5.762	-94.691	38.53	-418	-35	-209	113.516085	22.45199	271.68	20.112	0.67676	-0.03558	-0.03555	-0.73447
 None	0.1035	0.0039	1.0244	0.0	0.0	0.0	0.231	-5.762	-94.708	38.52	-415	-34	-206	113.516085	22.45199	271.68	20.112	0.67676	-0.03558	-0.03555	-0.73447
 None	0.1035	0.0039	1.0244	0.0	0.0	0.0	0.231	-5.762	-94.708	38.52	-415	-34	-206	113.516061	22.451986	271.68	20.112	0.67676	-0.03558	-0.03555	-0.73447
 None	0.1035	0.0039	1.0244	0.0	0.0	0.0	0.231	-5.762	-94.708	38.52	-415	-34	-206	113.516061	22.451986	272.04	20.538	0.67676	-0.03558	-0.03555	-0.73447
 None	0.1035	0.0039	1.0244	0.0	0.0	0.0	0.231	-5.762	-94.708	38.52	-415	-34	-206	113.516061	22.451986	272.04	20.538	0.67667	-0.03561	-0.03552	-0.73453
 None	0.103	0.0044	1.0244	0.0	0.0	0.0	0.231	-5.762	-94.713	38.47	-415	-34	-209	113.516061	22.451986	272.04	20.538	0.67667	-0.03561	-0.03552	-0.73453
 None	0.103	0.0044	1.0244	0.0	0.0	0.0	0.231	-5.762	-94.713	38.47	-415	-34	-209	113.516061	22.451986	272.04	20.538	0.67667	-0.03561	-0.03552	-0.73453
 None	0.103	0.0044	1.0244	0.0	0.0	0.0	0.231	-5.762	-94.713	38.47	-415	-34	-209	113.516061	22.451986	272.04	20.538	0.67667	-0.03561	-0.03552	-0.73453
 None	0.103	0.0044	1.0244	0.0	0.0	0.0	0.231	-5.762	-94.713	38.47	-415	-34	-209	113.516061	22.451986	272.04	20.538	0.67661	-0.03561	-0.03552	-0.73459
 None	0.104	0.0044	1.0254	0.0	0.0	0.0	0.231	-5.762	-94.686	38.48	-419	-30	-208	113.516061	22.451986	272.04	20.538	0.67661	-0.03561	-0.03552	-0.73459
 None	0.104	0.0044	1.0254	0.0	0.0	0.0	0.231	-5.762	-94.686	38.48	-419	-30	-208	113.516061	22.451986	272.04	20.538	0.67661	-0.03561	-0.03552	-0.73459
 None	0.104	0.0044	1.0254	0.0	0.0	0.0	0.231	-5.762	-94.686	38.48	-419	-30	-208	113.516061	22.451986	272.04	20.538	0.67661	-0.03561	-0.03552	-0.73459
 None	0.104	0.0044	1.0254	0.0	0.0	0.0	0.231	-5.762	-94.686	38.48	-419	-30	-208	113.516061	22.451986	272.04	20.538	0.67679	-0.03558	-0.03555	-0.73444
 None	0.1035	0.0044	1.0254	0.0	0.0	0.0	0.231	-5.762	-94.669	38.46	-415	-31	-207	113.516061	22.451986	272.04	20.538	0.67679	-0.03558	-0.03555	-0.73444
 None	0.1035	0.0044	1.0254	0.0	0.0	0.0	0.231	-5.762	-94.669	38.46	-415	-31	-207	113.516061	22.451986	272.04	20.538	0.67679	-0.03558	-0.03555	-0.73444
 None	0.1035	0.0044	1.0254	0.0	0.0	0.0	0.231	-5.762	-94.669	38.46	-415	-31	-207	113.516061	22.451986	272.04	20.538	0.67679	-0.03558	-0.03555	-0.73444
 None	0.1035	0.0044	1.0254	0.0	0.0	0.0	0.231	-5.762	-94.669	38.46	-415	-31	-207	113.516061	22.451986	272.04	20.538	0.67688	-0.03558	-0.03555	-0.73434
 None	0.104	0.0044	1.0254	0.0	0.0	0.0	0.231	-5.762	-94.669	38.53	-419	-35	-205	113.516061	22.451986	272.04	20.538	0.67688	-0.03558	-0.03555	-0.73434
 None	0.104	0.0044	1.0254	0.0	0.0	0.0	0.231	-5.762	-94.669	38.53	-419	-35	-205	113.516061	22.451986	272.04	20.538	0.67688	-0.03558	-0.03555	-0.73434
 None	0.104	0.0044	1.0254	0.0	0.0	0.0	0.231	-5.762	-94.669	38.53	-419	-35	-205	113.516061	22.451986	272.04	20.538	0.67688	-0.03558	-0.03555	-0.73434
 None	0.104	0.0044	1.0254	0.0	0.0	0.0	0.231	-5.762	-94.669	38.53	-419	-35	-205	113.516061	22.451986	272.04	20.538	0.67691	-0.03558	-0.03555	-0.73431
 None	0.1035	0.0044	1.0249	0.0	0.0	0.0	0.231	-5.762	-94.68	38.51	-416	-35	-207	113.516061	22.451986	272.04	20.538	0.67691	-0.03558	-0.03555	-0.73431
 None	0.1035	0.0044	1.0249	0.0	0.0	0.0	0.231	-5.762	-94.68	38.51	-416	-35	-207	113.516061	22.451986	272.04	20.538	0.67691	-0.03558	-0.03555	-0.73431
 None	0.1035	0.0044	1.0249	0.0	0.0	0.0	0.231	-5.762	-94.68	38.51	-416	-35	-207	113.516061	22.451986	272.04	20.538	0.67691	-0.03558	-0.03555	-0.73431
 None	0.1035	0.0044	1.0249	0.0	0.0	0.0	0.231	-5.762	-94.68	38.51	-416	-35	-207	113.516061	22.451986	272.04	20.538	0.67685	-0.03558	-0.03558	-0.73438
 None	0.104	0.0039	1.0254	0.0	0.0	0.0	0.231	-5.768	-94.697	38.49	-417	-33	-210	113.516061	22.451986	272.04	20.538	0.67685	-0.03558	-0.03558	-0.73438
 None	0.104	0.0039	1.0254	0.0	0.0	0.0	0.231	-5.768	-94.697	38.49	-417	-33	-210	113.516061	22.451986	272.04	20.538	0.67685	-0.03558	-0.03558	-0.73438
 None	0.104	0.0039	1.0254	0.0	0.0	0.0	0.231	-5.768	-94.697	38.49	-417	-33	-210	113.516061	22.451986	272.04	20.538	0.67685	-0.03558	-0.03558	-0.73438
 None	0.104	0.0039	1.0254	0.0	0.0	0.0	0.231	-5.768	-94.697	38.49	-417	-33	-210	113.516061	22.451986	272.04	20.538	0.67673	-0.03561	-0.03558	-0.73447
 None	0.104	0.0044	1.0259	0.0	0.0	0.0	0.231	-5.768	-94.697	38.57	-417	-34	-206	113.516061	22.451986	272.04	20.538	0.67673	-0.03561	-0.03558	-0.73447
 None	0.104	0.0044	1.0259	0.0	0.0	0.0	0.231	-5.768	-94.697	38.57	-417	-34	-206	113.516061	22.451986	272.04	20.538	0.67673	-0.03561	-0.03558	-0.73447
 None	0.104	0.0044	1.0259	0.0	0.0	0.0	0.231	-5.768	-94.697	38.57	-417	-34	-206	113.516061	22.451986	272.04	20.538	0.67673	-0.03561	-0.03558	-0.73447
 None	0.104	0.0044	1.0259	0.0	0.0	0.0	0.231	-5.768	-94.697	38.57	-417	-34	-206	113.516061	22.451986	272.04	20.538	0.67673	-0.03561	-0.03558	-0.7345
 None	0.104	0.0044	1.0254	0.0	0.0	0.0	0.231	-5.768	-94.708	38.53	-414	-33	-208	113.516061	22.451986	272.04	20.538	0.67673	-0.03561	-0.03558	-0.7345
 None	0.104	0.0044	1.0254	0.0	0.0	0.0	0.231	-5.768	-94.708	38.53	-414	-33	-208	113.516061	22.451986	272.04	20.538	0.67673	-0.03561	-0.03558	-0.7345
 None	0.104	0.0044	1.0254	0.0	0.0	0.0	0.231	-5.768	-94.708	38.53	-414	-33	-208	113.516061	22.451986	272.04	20.538	0.67673	-0.03561	-0.03558	-0.7345
 None	0.104	0.0044	1.0254	0.0	0.0	0.0	0.231	-5.768	-94.708	38.53	-414	-33	-208	113.516061	22.451986	272.04	20.538	0.67667	-0.03561	-0.03561	-0.73453
 None	0.1035	0.0039	1.0249	0.0	0.0	0.0	0.231	-5.768	-94.713	38.48	-418	-34	-204	113.516061	22.451986	272.04	20.538	0.67667	-0.03561	-0.03561	-0.73453
 None	0.1035	0.0039	1.0249	0.0	0.0	0.0	0.231	-5.768	-94.713	38.48	-418	-34	-204	113.516061	22.451986	272.04	20.538	0.67667	-0.03561	-0.03561	-0.73453
 None	0.1035	0.0039	1.0249	0.0	0.0	0.0	0.231	-5.768	-94.713	38.48	-418	-34	-204	113.516061	22.451986	272.04	20.538	0.67667	-0.03561	-0.03561	-0.73453
 None	0.1035	0.0039	1.0249	0.0	0.0	0.0	0.231	-5.768	-94.713	38.48	-418	-34	-204	113.516061	22.451986	272.04	20.538	0.67661	-0.03564	-0.03561	-0.73459
 None	0.103	0.0039	1.0249	0.0	0.0	0.0	0.231	-5.768	-94.719	38.5	-416	-32	-208	113.516061	22.451986	272.04	20.538	0.67661	-0.03564	-0.03561	-0.73459
 None	0.103	0.0039	1.0249	0.0	0.0	0.0	0.231	-5.768	-94.719	38.5	-416	-32	-208	113.516028	22.451988	272.04	20.538	0.67661	-0.03564	-0.03561	-0.73459
 None	0.103	0.0039	1.0249	0.0	0.0	0.0	0.231	-5.768	-94.719	38.5	-416	-32	-208	113.516028	22.451988	272.58	20.427	0.67661	-0.03564	-0.03561	-0.73459
 None	0.103	0.0039	1.0249	0.0	0.0	0.0	0.231	-5.768	-94.719	38.5	-416	-32	-208	113.516028	22.451988	272.58	20.427	0.67657	-0.03564	-0.03558	-0.73462
 None	0.104	0.0044	1.0254	0.0	0.0	0.0	0.231	-5.768	-94.73	38.42	-416	-37	-208	113.516028	22.451988	272.58	20.427	0.67657	-0.03564	-0.03558	-0.73462
 None	0.104	0.0044	1.0254	0.0	0.0	0.0	0.231	-5.768	-94.73	38.42	-416	-37	-208	113.516028	22.451988	272.58	20.427	0.67657	-0.03564	-0.03558	-0.73462
 None	0.104	0.0044	1.0254	0.0	0.0	0.0	0.231	-5.768	-94.73	38.42	-416	-37	-208	113.516028	22.451988	272.58	20.427	0.67657	-0.03564	-0.03558	-0.73462
 None	0.104	0.0044	1.0254	0.0	0.0	0.0	0.231	-5.768	-94.73	38.42	-416	-37	-208	113.516028	22.451988	272.58	20.427	0.67651	-0.03564	-0.03558	-0.73468
 None	0.1035	0.0044	1.0254	0.0	0.0	0.0	0.231	-5.768	-94.73	38.48	-413	-36	-209	113.516028	22.451988	272.58	20.427	0.67651	-0.03564	-0.03558	-0.73468
 None	0.1035	0.0044	1.0254	0.0	0.0	0.0	0.231	-5.768	-94.73	38.48	-413	-36	-209	113.516028	22.451988	272.58	20.427	0.67651	-0.03564	-0.03558	-0.73468
 None	0.1035	0.0044	1.0254	0.0	0.0	0.0	0.231	-5.768	-94.73	38.48	-413	-36	-209	113.516028	22.451988	272.58	20.427	0.67651	-0.03564	-0.03558	-0.73468
 None	0.1035	0.0044	1.0254	0.0	0.0	0.0	0.231	-5.768	-94.73	38.48	-413	-36	-209	113.516028	22.451988	272.58	20.427	0.67651	-0.03564	-0.03558	-0.73468
 None	0.1035	0.0044	1.0249	0.0	0.0	0.0	0.231	-5.768	-94.741	38.48	-416	-35	-208	113.516028	22.451988	272.58	20.427	0.67651	-0.03564	-0.03558	-0.73468
 None	0.1035	0.0044	1.0249	0.0	0.0	0.0	0.231	-5.768	-94.741	38.48	-416	-35	-208	113.516028	22.451988	272.58	20.427	0.67651	-0.03564	-0.03558	-0.73468
 None	0.1035	0.0044	1.0249	0.0	0.0	0.0	0.231	-5.768	-94.741	38.48	-416	-35	-208	113.516028	22.451988	272.58	20.427	0.67651	-0.03564	-0.03558	-0.73468
 None	0.1035	0.0044	1.0249	0.0	0.0	0.0	0.231	-5.768	-94.741	38.48	-416	-35	-208	113.516028	22.451988	272.58	20.427	0.67645	-0.03564	-0.03558	-0.73474
 None	0.1035	0.0039	1.0254	0.0	0.0	0.0	0.231	-5.768	-94.746	38.47	-417	-36	-209	113.516028	22.451988	272.58	20.427	0.67645	-0.03564	-0.03558	-0.73474
 None	0.1035	0.0039	1.0254	0.0	0.0	0.0	0.231	-5.768	-94.746	38.47	-417	-36	-209	113.516028	22.451988	272.58	20.427	0.67645	-0.03564	-0.03558	-0.73474
 None	0.1035	0.0039	1.0254	0.0	0.0	0.0	0.231	-5.768	-94.746	38.47	-417	-36	-209	113.516028	22.451988	272.58	20.427	0.67645	-0.03564	-0.03558	-0.73474
 None	0.1035	0.0039	1.0254	0.0	0.0	0.0	0.231	-5.768	-94.746	38.47	-417	-36	-209	113.516028	22.451988	272.58	20.427	0.67639	-0.03564	-0.03558	-0.7348
 None	0.104	0.0039	1.0254	0.0	0.0	0.0	0.231	-5.768	-94.741	38.39	-416	-33	-209	113.516028	22.451988	272.58	20.427	0.67639	-0.03564	-0.03558	-0.7348
 None	0.104	0.0039	1.0254	0.0	0.0	0.0	0.231	-5.768	-94.741	38.39	-416	-33	-209	113.516028	22.451988	272.58	20.427	0.67639	-0.03564	-0.03558	-0.7348
 None	0.104	0.0039	1.0254	0.0	0.0	0.0	0.231	-5.768	-94.741	38.39	-416	-33	-209	113.516028	22.451988	272.58	20.427	0.67639	-0.03564	-0.03558	-0.7348
 None	0.104	0.0039	1.0254	0.0	0.0	0.0	0.231	-5.768	-94.741	38.39	-416	-33	-209	113.516028	22.451988	272.58	20.427	0.67645	-0.03564	-0.03558	-0.73474
 None	0.1035	0.0039	1.0254	0.0	0.0	0.0	0.231	-5.768	-94.724	38.48	-416	-31	-209	113.516028	22.451988	272.58	20.427	0.67645	-0.03564	-0.03558	-0.73474
 None	0.1035	0.0039	1.0254	0.0	0.0	0.0	0.231	-5.768	-94.724	38.48	-416	-31	-209	113.516028	22.451988	272.58	20.427	0.67645	-0.03564	-0.03558	-0.73474
 None	0.1035	0.0039	1.0254	0.0	0.0	0.0	0.231	-5.768	-94.724	38.48	-416	-31	-209	113.516028	22.451988	272.58	20.427	0.67645	-0.03564	-0.03558	-0.73474
 None	0.1035	0.0039	1.0254	0.0	0.0	0.0	0.231	-5.768	-94.724	38.48	-416	-31	-209	113.516028	22.451988	272.58	20.427	0.67654	-0.03564	-0.03558	-0.73462
 None	0.103	0.0044	1.0254	0.0	0.0	0.0	0.231	-5.768	-94.708	38.5	-414	-33	-209	113.516028	22.451988	272.58	20.427	0.67654	-0.03564	-0.03558	-0.73462
 None	0.103	0.0044	1.0254	0.0	0.0	0.0	0.231	-5.768	-94.708	38.5	-414	-33	-209	113.516028	22.451988	272.58	20.427	0.67654	-0.03564	-0.03558	-0.73462
 None	0.103	0.0044	1.0254	0.0	0.0	0.0	0.231	-5.768	-94.708	38.5	-414	-33	-209	113.516028	22.451988	272.58	20.427	0.67654	-0.03564	-0.03558	-0.73462
 None	0.103	0.0044	1.0254	0.0	0.0	0.0	0.231	-5.768	-94.708	38.5	-414	-33	-209	113.516028	22.451988	272.58	20.427	0.67667	-0.03564	-0.03558	-0.73456
 None	0.104	0.0039	1.0249	0.0	0.0	0.0	0.231	-5.768	-94.697	38.41	-417	-32	-207	113.516028	22.451988	272.58	20.427	0.67667	-0.03564	-0.03558	-0.73456
 None	0.104	0.0039	1.0249	0.0	0.0	0.0	0.231	-5.768	-94.697	38.41	-417	-32	-207	113.516028	22.451988	272.58	20.427	0.67667	-0.03564	-0.03558	-0.73456
 None	0.104	0.0039	1.0249	0.0	0.0	0.0	0.231	-5.768	-94.697	38.41	-417	-32	-207	113.516028	22.451988	272.58	20.427	0.67667	-0.03564	-0.03558	-0.73456
 None	0.104	0.0039	1.0249	0.0	0.0	0.0	0.231	-5.768	-94.697	38.41	-417	-32	-207	113.516028	22.451988	272.58	20.427	0.67673	-0.03564	-0.03558	-0.7345
 None	0.1035	0.0039	1.0249	0.0	0.0	0.0	0.231	-5.768	-94.697	38.46	-418	-36	-208	113.516028	22.451988	272.58	20.427	0.67673	-0.03564	-0.03558	-0.7345
 None	0.1035	0.0039	1.0249	0.0	0.0	0.0	0.231	-5.768	-94.697	38.46	-418	-36	-208	113.516028	22.451988	272.58	20.427	0.67673	-0.03564	-0.03558	-0.7345
 None	0.1035	0.0039	1.0249	0.0	0.0	0.0	0.231	-5.768	-94.697	38.46	-418	-36	-208	113.516028	22.451988	272.58	20.427	0.67673	-0.03564	-0.03558	-0.7345
 None	0.1035	0.0039	1.0249	0.0	0.0	0.0	0.231	-5.768	-94.697	38.46	-418	-36	-208	113.516028	22.451988	272.58	20.427	0.6767	-0.03564	-0.03558	-0.7345
 None	0.1035	0.0039	1.0254	0.0	0.0	0.0	0.225	-5.768	-94.691	38.46	-416	-33	-209	113.516028	22.451988	272.58	20.427	0.6767	-0.03564	-0.03558	-0.7345
 None	0.1035	0.0039	1.0254	0.0	0.0	0.0	0.225	-5.768	-94.691	38.46	-416	-33	-209	113.515995	22.45199	272.58	20.427	0.6767	-0.03564	-0.03558	-0.7345
 None	0.1035	0.0039	1.0254	0.0	0.0	0.0	0.225	-5.768	-94.691	38.46	-416	-33	-209	113.515995	22.45199	273.43	19.871	0.6767	-0.03564	-0.03558	-0.7345
 None	0.1035	0.0039	1.0254	0.0	0.0	0.0	0.225	-5.768	-94.691	38.46	-416	-33	-209	113.515995	22.45199	273.43	19.871	0.67673	-0.03564	-0.03558	-0.73447
 None	0.1035	0.0039	1.0244	0.0	0.0	0.0	0.225	-5.768	-94.702	38.41	-417	-33	-210	113.515995	22.45199	273.43	19.871	0.67673	-0.03564	-0.03558	-0.73447
 None	0.1035	0.0039	1.0244	0.0	0.0	0.0	0.225	-5.768	-94.702	38.41	-417	-33	-210	113.515995	22.45199	273.43	19.871	0.67673	-0.03564	-0.03558	-0.73447
 None	0.1035	0.0039	1.0244	0.0	0.0	0.0	0.225	-5.768	-94.702	38.41	-417	-33	-210	113.515995	22.45199	273.43	19.871	0.67673	-0.03564	-0.03558	-0.73447
 None	0.1035	0.0039	1.0244	0.0	0.0	0.0	0.225	-5.768	-94.702	38.41	-417	-33	-210	113.515995	22.45199	273.43	19.871	0.6767	-0.03564	-0.03555	-0.7345
 None	0.104	0.0039	1.0244	0.0	0.0	0.0	0.225	-5.768	-94.691	38.45	-418	-34	-208	113.515995	22.45199	273.43	19.871	0.6767	-0.03564	-0.03555	-0.7345
 None	0.104	0.0039	1.0244	0.0	0.0	0.0	0.225	-5.768	-94.691	38.45	-418	-34	-208	113.515995	22.45199	273.43	19.871	0.6767	-0.03564	-0.03555	-0.7345
 None	0.104	0.0039	1.0244	0.0	0.0	0.0	0.225	-5.768	-94.691	38.45	-418	-34	-208	113.515995	22.45199	273.43	19.871	0.6767	-0.03564	-0.03555	-0.7345
 None	0.104	0.0039	1.0244	0.0	0.0	0.0	0.225	-5.768	-94.691	38.45	-418	-34	-208	113.515995	22.45199	273.43	19.871	0.67676	-0.03568	-0.03558	-0.73447
 None	0.1045	0.0044	1.0244	0.0	0.0	0.0	0.225	-5.773	-94.691	38.44	-417	-34	-208	113.515995	22.45199	273.43	19.871	0.67676	-0.03568	-0.03558	-0.73447
 None	0.1045	0.0044	1.0244	0.0	0.0	0.0	0.225	-5.773	-94.691	38.44	-417	-34	-208	113.515995	22.45199	273.43	19.871	0.67676	-0.03568	-0.03558	-0.73447
 None	0.1045	0.0044	1.0244	0.0	0.0	0.0	0.225	-5.773	-94.691	38.44	-417	-34	-208	113.515995	22.45199	273.43	19.871	0.67676	-0.03568	-0.03558	-0.73447
 None	0.1045	0.0044	1.0244	0.0	0.0	0.0	0.225	-5.773	-94.691	38.44	-417	-34	-208	113.515995	22.45199	273.43	19.871	0.67676	-0.03568	-0.03558	-0.73444
 None	0.1045	0.0049	1.0249	0.0	0.0	0.0	0.231	-5.773	-94.68	38.47	-415	-32	-208	113.515995	22.45199	273.43	19.871	0.67676	-0.03568	-0.03558	-0.73444
 None	0.1045	0.0049	1.0249	0.0	0.0	0.0	0.231	-5.773	-94.68	38.47	-415	-32	-208	113.515995	22.45199	273.43	19.871	0.67676	-0.03568	-0.03558	-0.73444
 None	0.1045	0.0049	1.0249	0.0	0.0	0.0	0.231	-5.773	-94.68	38.47	-415	-32	-208	113.515995	22.45199	273.43	19.871	0.67676	-0.03568	-0.03558	-0.73444
 None	0.1045	0.0049	1.0249	0.0	0.0	0.0	0.231	-5.773	-94.68	38.47	-415	-32	-208	113.515995	22.45199	273.43	19.871	0.67682	-0.03568	-0.03561	-0.73438
 None	0.1045	0.0044	1.0249	0.0	0.0	0.0	0.231	-5.779	-94.664	38.47	-416	-33	-205	113.515995	22.45199	273.43	19.871	0.67682	-0.03568	-0.03561	-0.73438
 None	0.1045	0.0044	1.0249	0.0	0.0	0.0	0.231	-5.779	-94.664	38.47	-416	-33	-205	113.515995	22.45199	273.43	19.871	0.67682	-0.03568	-0.03561	-0.73438
 None	0.1045	0.0044	1.0249	0.0	0.0	0.0	0.231	-5.779	-94.664	38.47	-416	-33	-205	113.515995	22.45199	273.43	19.871	0.67682	-0.03568	-0.03561	-0.73438
 None	0.1045	0.0044	1.0249	0.0	0.0	0.0	0.231	-5.779	-94.664	38.47	-416	-33	-205	113.515995	22.45199	273.43	19.871	0.67694	-0.03568	-0.03564	-0.73428
 None	0.104	0.0044	1.0244	0.0	0.0	0.0	0.231	-5.779	-94.675	38.5	-415	-35	-208	113.515995	22.45199	273.43	19.871	0.67694	-0.03568	-0.03564	-0.73428
 None	0.104	0.0044	1.0244	0.0	0.0	0.0	0.231	-5.779	-94.675	38.5	-415	-35	-208	113.515995	22.45199	273.43	19.871	0.67694	-0.03568	-0.03564	-0.73428
 None	0.104	0.0044	1.0244	0.0	0.0	0.0	0.231	-5.779	-94.675	38.5	-415	-35	-208	113.515995	22.45199	273.43	19.871	0.67694	-0.03568	-0.03564	-0.73428
 None	0.104	0.0044	1.0244	0.0	0.0	0.0	0.231	-5.779	-94.675	38.5	-415	-35	-208	113.515995	22.45199	273.43	19.871	0.67685	-0.03568	-0.03568	-0.73434
 None	0.1045	0.0044	1.0249	0.0	0.0	0.0	0.231	-5.779	-94.68	38.44	-417	-32	-204	113.515995	22.45199	273.43	19.871	0.67685	-0.03568	-0.03568	-0.73434
 None	0.1045	0.0044	1.0249	0.0	0.0	0.0	0.231	-5.779	-94.68	38.44	-417	-32	-204	113.515995	22.45199	273.43	19.871	0.67685	-0.03568	-0.03568	-0.73434
 None	0.1045	0.0044	1.0249	0.0	0.0	0.0	0.231	-5.779	-94.68	38.44	-417	-32	-204	113.515995	22.45199	273.43	19.871	0.67685	-0.03568	-0.03568	-0.73434
 None	0.1045	0.0044	1.0249	0.0	0.0	0.0	0.231	-5.779	-94.68	38.44	-417	-32	-204	113.515995	22.45199	273.43	19.871	0.67685	-0.03568	-0.03568	-0.73438
 None	0.104	0.0044	1.0249	0.0	0.0	0.0	0.231	-5.779	-94.686	38.47	-416	-34	-206	113.515995	22.45199	273.43	19.871	0.67685	-0.03568	-0.03568	-0.73438
 None	0.104	0.0044	1.0249	0.0	0.0	0.0	0.231	-5.779	-94.686	38.47	-416	-34	-206	113.515995	22.45199	273.43	19.871	0.67685	-0.03568	-0.03568	-0.73438
 None	0.104	0.0044	1.0249	0.0	0.0	0.0	0.231	-5.779	-94.686	38.47	-416	-34	-206	113.515995	22.45199	273.43	19.871	0.67685	-0.03568	-0.03568	-0.73438
 None	0.104	0.0044	1.0249	0.0	0.0	0.0	0.231	-5.779	-94.686	38.47	-416	-34	-206	113.515995	22.45199	273.43	19.871	0.67679	-0.03571	-0.03568	-0.73441
 None	0.104	0.0044	1.0244	0.0	0.0	0.0	0.236	-5.784	-94.691	38.44	-416	-32	-208	113.515995	22.45199	273.43	19.871	0.67679	-0.03571	-0.03568	-0.73441
 None	0.104	0.0044	1.0244	0.0	0.0	0.0	0.236	-5.784	-94.691	38.44	-416	-32	-208	113.515995	22.45199	273.43	19.871	0.67679	-0.03571	-0.03568	-0.73441
 None	0.104	0.0044	1.0244	0.0	0.0	0.0	0.236	-5.784	-94.691	38.44	-416	-32	-208	113.515995	22.45199	273.43	19.871	0.67679	-0.03571	-0.03568	-0.73441
 None	0.104	0.0044	1.0244	0.0	0.0	0.0	0.236	-5.784	-94.691	38.44	-416	-32	-208	113.515995	22.45199	273.43	19.871	0.67676	-0.03571	-0.03568	-0.73444
 None	0.104	0.0044	1.0249	0.0	0.0	0.0	0.236	-5.784	-94.686	38.48	-416	-34	-205	113.515995	22.45199	273.43	19.871	0.67676	-0.03571	-0.03568	-0.73444
 None	0.104	0.0044	1.0249	0.0	0.0	0.0	0.236	-5.784	-94.686	38.48	-416	-34	-205	113.515964	22.451994	273.43	19.871	0.67676	-0.03571	-0.03568	-0.73444
 None	0.104	0.0044	1.0249	0.0	0.0	0.0	0.236	-5.784	-94.686	38.48	-416	-34	-205	113.515964	22.451994	275.35	20.001	0.67676	-0.03571	-0.03568	-0.73444
 None	0.104	0.0044	1.0249	0.0	0.0	0.0	0.236	-5.784	-94.686	38.48	-416	-34	-205	113.515964	22.451994	275.35	20.001	0.67679	-0.03571	-0.03571	-0.73444
 None	0.104	0.0044	1.0249	0.0	0.0	0.0	0.236	-5.784	-94.702	38.43	-417	-38	-209	113.515964	22.451994	275.35	20.001	0.67679	-0.03571	-0.03571	-0.73444
 None	0.104	0.0044	1.0249	0.0	0.0	0.0	0.236	-5.784	-94.702	38.43	-417	-38	-209	113.515964	22.451994	275.35	20.001	0.67679	-0.03571	-0.03571	-0.73444
 None	0.104	0.0044	1.0249	0.0	0.0	0.0	0.236	-5.784	-94.702	38.43	-417	-38	-209	113.515964	22.451994	275.35	20.001	0.67679	-0.03571	-0.03571	-0.73444
 None	0.104	0.0044	1.0249	0.0	0.0	0.0	0.236	-5.784	-94.702	38.43	-417	-38	-209	113.515964	22.451994	275.35	20.001	0.6767	-0.03571	-0.03571	-0.7345
 None	0.1045	0.0039	1.0249	0.0	0.0	0.0	0.236	-5.784	-94.724	38.43	-414	-33	-206	113.515964	22.451994	275.35	20.001	0.6767	-0.03571	-0.03571	-0.7345
 None	0.1045	0.0039	1.0249	0.0	0.0	0.0	0.236	-5.784	-94.724	38.43	-414	-33	-206	113.515964	22.451994	275.35	20.001	0.6767	-0.03571	-0.03571	-0.7345
 None	0.1045	0.0039	1.0249	0.0	0.0	0.0	0.236	-5.784	-94.724	38.43	-414	-33	-206	113.515964	22.451994	275.35	20.001	0.6767	-0.03571	-0.03571	-0.7345
 None	0.1045	0.0039	1.0249	0.0	0.0	0.0	0.236	-5.784	-94.724	38.43	-414	-33	-206	113.515964	22.451994	275.35	20.001	0.67654	-0.03571	-0.03571	-0.73462
 None	0.104	0.0034	1.0254	0.0	0.0	0.0	0.231	-5.784	-94.724	38.46	-418	-32	-206	113.515964	22.451994	275.35	20.001	0.67654	-0.03571	-0.03571	-0.73462
 None	0.104	0.0034	1.0254	0.0	0.0	0.0	0.231	-5.784	-94.724	38.46	-418	-32	-206	113.515964	22.451994	275.35	20.001	0.67654	-0.03571	-0.03571	-0.73462
 None	0.104	0.0034	1.0254	0.0	0.0	0.0	0.231	-5.784	-94.724	38.46	-418	-32	-206	113.515964	22.451994	275.35	20.001	0.67654	-0.03571	-0.03571	-0.73462
 None	0.104	0.0034	1.0254	0.0	0.0	0.0	0.231	-5.784	-94.724	38.46	-418	-32	-206	113.515964	22.451994	275.35	20.001	0.67654	-0.03574	-0.03568	-0.73465
 None	0.1035	0.0039	1.0254	0.0	0.0	0.0	0.231	-5.784	-94.708	38.4	-418	-33	-207	113.515964	22.451994	275.35	20.001	0.67654	-0.03574	-0.03568	-0.73465
 None	0.1035	0.0039	1.0254	0.0	0.0	0.0	0.231	-5.784	-94.708	38.4	-418	-33	-207	113.515964	22.451994	275.35	20.001	0.67654	-0.03574	-0.03568	-0.73465
 None	0.1035	0.0039	1.0254	0.0	0.0	0.0	0.231	-5.784	-94.708	38.4	-418	-33	-207	113.515964	22.451994	275.35	20.001	0.67654	-0.03574	-0.03568	-0.73465
 None	0.1035	0.0039	1.0254	0.0	0.0	0.0	0.231	-5.784	-94.708	38.4	-418	-33	-207	113.515964	22.451994	275.35	20.001	0.67664	-0.03574	-0.03568	-0.73456
 None	0.104	0.0039	1.0249	0.0	0.0	0.0	0.231	-5.784	-94.686	38.44	-416	-31	-208	113.515964	22.451994	275.35	20.001	0.67664	-0.03574	-0.03568	-0.73456
 None	0.104	0.0039	1.0249	0.0	0.0	0.0	0.231	-5.784	-94.686	38.44	-416	-31	-208	113.515964	22.451994	275.35	20.001	0.67664	-0.03574	-0.03568	-0.73456
 None	0.104	0.0039	1.0249	0.0	0.0	0.0	0.231	-5.784	-94.686	38.44	-416	-31	-208	113.515964	22.451994	275.35	20.001	0.67664	-0.03574	-0.03568	-0.73456
 None	0.104	0.0039	1.0249	0.0	0.0	0.0	0.231	-5.784	-94.686	38.44	-416	-31	-208	113.515964	22.451994	275.35	20.001	0.67682	-0.03574	-0.03568	-0.73441
 None	0.104	0.0039	1.0254	0.0	0.0	0.0	0.231	-5.784	-94.68	38.38	-416	-34	-209	113.515964	22.451994	275.35	20.001	0.67682	-0.03574	-0.03568	-0.73441
 None	0.104	0.0039	1.0254	0.0	0.0	0.0	0.231	-5.784	-94.68	38.38	-416	-34	-209	113.515964	22.451994	275.35	20.001	0.67682	-0.03574	-0.03568	-0.73441
 None	0.104	0.0039	1.0254	0.0	0.0	0.0	0.231	-5.784	-94.68	38.38	-416	-34	-209	113.515964	22.451994	275.35	20.001	0.67682	-0.03574	-0.03568	-0.73441
 None	0.104	0.0039	1.0254	0.0	0.0	0.0	0.231	-5.784	-94.68	38.38	-416	-34	-209	113.515964	22.451994	275.35	20.001	0.67685	-0.03574	-0.03568	-0.73438
 None	0.1045	0.0044	1.0259	0.0	0.0	0.0	0.231	-5.784	-94.68	38.54	-419	-32	-208	113.515964	22.451994	275.35	20.001	0.67685	-0.03574	-0.03568	-0.73438
 None	0.1045	0.0044	1.0259	0.0	0.0	0.0	0.231	-5.784	-94.68	38.54	-419	-32	-208	113.515964	22.451994	275.35	20.001	0.67685	-0.03574	-0.03568	-0.73438
 None	0.1045	0.0044	1.0259	0.0	0.0	0.0	0.231	-5.784	-94.68	38.54	-419	-32	-208	113.515964	22.451994	275.35	20.001	0.67685	-0.03574	-0.03568	-0.73438
 None	0.1045	0.0044	1.0259	0.0	0.0	0.0	0.231	-5.784	-94.68	38.54	-419	-32	-208	113.515964	22.451994	275.35	20.001	0.67682	-0.03574	-0.03568	-0.73438
 None	0.1035	0.0049	1.0244	0.0	0.0	0.0	0.231	-5.784	-94.691	38.44	-415	-35	-205	113.515964	22.451994	275.35	20.001	0.67682	-0.03574	-0.03568	-0.73438
 None	0.1035	0.0049	1.0244	0.0	0.0	0.0	0.231	-5.784	-94.691	38.44	-415	-35	-205	113.515964	22.451994	275.35	20.001	0.67682	-0.03574	-0.03568	-0.73438
 None	0.1035	0.0049	1.0244	0.0	0.0	0.0	0.231	-5.784	-94.691	38.44	-415	-35	-205	113.515964	22.451994	275.35	20.001	0.67682	-0.03574	-0.03568	-0.73438
 None	0.1035	0.0049	1.0244	0.0	0.0	0.0	0.231	-5.784	-94.691	38.44	-415	-35	-205	113.515964	22.451994	275.35	20.001	0.67676	-0.03574	-0.03568	-0.73444
 None	0.1035	0.0049	1.0244	0.0	0.0	0.0	0.231	-5.784	-94.691	38.41	-419	-34	-207	113.515964	22.451994	275.35	20.001	0.67676	-0.03574	-0.03568	-0.73444
 None	0.1035	0.0049	1.0244	0.0	0.0	0.0	0.231	-5.784	-94.691	38.41	-419	-34	-207	113.515964	22.451994	275.35	20.001	0.67676	-0.03574	-0.03568	-0.73444
 None	0.1035	0.0049	1.0244	0.0	0.0	0.0	0.231	-5.784	-94.691	38.41	-419	-34	-207	113.515964	22.451994	275.35	20.001	0.67676	-0.03574	-0.03568	-0.73444
 None	0.1035	0.0049	1.0244	0.0	0.0	0.0	0.231	-5.784	-94.691	38.41	-419	-34	-207	113.515964	22.451994	275.35	20.001	0.67676	-0.03571	-0.03571	-0.73444
 None	0.104	0.0044	1.0249	0.0	0.0	0.0	0.236	-5.784	-94.691	38.45	-417	-33	-208	113.515964	22.451994	275.35	20.001	0.67676	-0.03571	-0.03571	-0.73444
 None	0.104	0.0044	1.0249	0.0	0.0	0.0	0.236	-5.784	-94.691	38.45	-417	-33	-208	113.515934	22.452002	275.35	20.001	0.67676	-0.03571	-0.03571	-0.73444
 None	0.104	0.0044	1.0249	0.0	0.0	0.0	0.236	-5.784	-94.691	38.45	-417	-33	-208	113.515934	22.452002	279.68	19.131	0.67676	-0.03571	-0.03571	-0.73444
 None	0.104	0.0044	1.0249	0.0	0.0	0.0	0.236	-5.784	-94.691	38.45	-417	-33	-208	113.515934	22.452002	279.68	19.131	0.67673	-0.03571	-0.03571	-0.73447
 None	0.1035	0.0044	1.0259	0.0	0.0	0.0	0.236	-5.784	-94.68	38.48	-417	-31	-206	113.515934	22.452002	279.68	19.131	0.67673	-0.03571	-0.03571	-0.73447
 None	0.1035	0.0044	1.0259	0.0	0.0	0.0	0.236	-5.784	-94.68	38.48	-417	-31	-206	113.515934	22.452002	279.68	19.131	0.67673	-0.03571	-0.03571	-0.73447
 None	0.1035	0.0044	1.0259	0.0	0.0	0.0	0.236	-5.784	-94.68	38.48	-417	-31	-206	113.515934	22.452002	279.68	19.131	0.67673	-0.03571	-0.03571	-0.73447
 None	0.1035	0.0044	1.0259	0.0	0.0	0.0	0.236	-5.784	-94.68	38.48	-417	-31	-206	113.515934	22.452002	279.68	19.131	0.67682	-0.03571	-0.03571	-0.73438
 None	0.104	0.0044	1.0259	0.0	0.0	0.0	0.236	-5.784	-94.664	38.47	-414	-32	-204	113.515934	22.452002	279.68	19.131	0.67682	-0.03571	-0.03571	-0.73438
 None	0.104	0.0044	1.0259	0.0	0.0	0.0	0.236	-5.784	-94.664	38.47	-414	-32	-204	113.515934	22.452002	279.68	19.131	0.67682	-0.03571	-0.03571	-0.73438
 None	0.104	0.0044	1.0259	0.0	0.0	0.0	0.236	-5.784	-94.664	38.47	-414	-32	-204	113.515934	22.452002	279.68	19.131	0.67682	-0.03571	-0.03571	-0.73438
 None	0.104	0.0044	1.0259	0.0	0.0	0.0	0.236	-5.784	-94.664	38.47	-414	-32	-204	113.515934	22.452002	279.68	19.131	0.67691	-0.03568	-0.03571	-0.73428
 None	0.104	0.0039	1.0254	0.0	0.0	0.0	0.236	-5.784	-94.68	38.51	-413	-33	-207	113.515934	22.452002	279.68	19.131	0.67691	-0.03568	-0.03571	-0.73428
 None	0.104	0.0039	1.0254	0.0	0.0	0.0	0.236	-5.784	-94.68	38.51	-413	-33	-207	113.515934	22.452002	279.68	19.131	0.67691	-0.03568	-0.03571	-0.73428
 None	0.104	0.0039	1.0254	0.0	0.0	0.0	0.236	-5.784	-94.68	38.51	-413	-33	-207	113.515934	22.452002	279.68	19.131	0.67691	-0.03568	-0.03571	-0.73428
 None	0.104	0.0039	1.0254	0.0	0.0	0.0	0.236	-5.784	-94.68	38.51	-413	-33	-207	113.515934	22.452002	279.68	19.131	0.67685	-0.03571	-0.03571	-0.73438
 None	0.1045	0.0039	1.0249	0.0	0.0	0.0	0.236	-5.784	-94.669	38.48	-414	-31	-208	113.515934	22.452002	279.68	19.131	0.67685	-0.03571	-0.03571	-0.73438
 None	0.1045	0.0039	1.0249	0.0	0.0	0.0	0.236	-5.784	-94.669	38.48	-414	-31	-208	113.515934	22.452002	279.68	19.131	0.67685	-0.03571	-0.03571	-0.73438
 None	0.1045	0.0039	1.0249	0.0	0.0	0.0	0.236	-5.784	-94.669	38.48	-414	-31	-208	113.515934	22.452002	279.68	19.131	0.67685	-0.03571	-0.03571	-0.73438
 None	0.1045	0.0039	1.0249	0.0	0.0	0.0	0.236	-5.784	-94.669	38.48	-414	-31	-208	113.515934	22.452002	279.68	19.131	0.67691	-0.03571	-0.03571	-0.73431
 None	0.104	0.0044	1.0249	0.0	0.0	0.0	0.236	-5.784	-94.642	38.42	-416	-30	-207	113.515934	22.452002	279.68	19.131	0.67691	-0.03571	-0.03571	-0.73431
 None	0.104	0.0044	1.0249	0.0	0.0	0.0	0.236	-5.784	-94.642	38.42	-416	-30	-207	113.515934	22.452002	279.68	19.131	0.67691	-0.03571	-0.03571	-0.73431
 None	0.104	0.0044	1.0249	0.0	0.0	0.0	0.236	-5.784	-94.642	38.42	-416	-30	-207	113.515934	22.452002	279.68	19.131	0.67691	-0.03571	-0.03571	-0.73431
 None	0.104	0.0044	1.0249	0.0	0.0	0.0	0.236	-5.784	-94.642	38.42	-416	-30	-207	113.515934	22.452002	279.68	19.131	0.67706	-0.03571	-0.03571	-0.73416
 None	0.1035	0.0039	1.0249	0.0	0.0	0.0	0.236	-5.784	-94.647	38.44	-413	-34	-210	113.515934	22.452002	279.68	19.131	0.67706	-0.03571	-0.03571	-0.73416
 None	0.1035	0.0039	1.0249	0.0	0.0	0.0	0.236	-5.784	-94.647	38.44	-413	-34	-210	113.515934	22.452002	279.68	19.131	0.67706	-0.03571	-0.03571	-0.73416
 None	0.1035	0.0039	1.0249	0.0	0.0	0.0	0.236	-5.784	-94.647	38.44	-413	-34	-210	113.515934	22.452002	279.68	19.131	0.67706	-0.03571	-0.03571	-0.73416
 None	0.1035	0.0039	1.0249	0.0	0.0	0.0	0.236	-5.784	-94.647	38.44	-413	-34	-210	113.515934	22.452002	279.68	19.131	0.67703	-0.03571	-0.03571	-0.73419
 None	0.1035	0.0039	1.0249	0.0	0.0	0.0	0.231	-5.784	-94.647	38.47	-415	-32	-207	113.515934	22.452002	279.68	19.131	0.67703	-0.03571	-0.03571	-0.73419
 None	0.1035	0.0039	1.0249	0.0	0.0	0.0	0.231	-5.784	-94.647	38.47	-415	-32	-207	113.515934	22.452002	279.68	19.131	0.67703	-0.03571	-0.03571	-0.73419
 None	0.1035	0.0039	1.0249	0.0	0.0	0.0	0.231	-5.784	-94.647	38.47	-415	-32	-207	113.515934	22.452002	279.68	19.131	0.67703	-0.03571	-0.03571	-0.73419
 None	0.1035	0.0039	1.0249	0.0	0.0	0.0	0.231	-5.784	-94.647	38.47	-415	-32	-207	113.515934	22.452002	279.68	19.131	0.67703	-0.03571	-0.03571	-0.73419
 None	0.104	0.0049	1.0244	0.0	0.0	0.0	0.236	-5.784	-94.636	38.45	-415	-32	-207	113.515934	22.452002	279.68	19.131	0.67703	-0.03571	-0.03571	-0.73419
 None	0.104	0.0049	1.0244	0.0	0.0	0.0	0.236	-5.784	-94.636	38.45	-415	-32	-207	113.515934	22.452002	279.68	19.131	0.67703	-0.03571	-0.03571	-0.73419
 None	0.104	0.0049	1.0244	0.0	0.0	0.0	0.236	-5.784	-94.636	38.45	-415	-32	-207	113.515934	22.452002	279.68	19.131	0.67703	-0.03571	-0.03571	-0.73419
 None	0.104	0.0049	1.0244	0.0	0.0	0.0	0.236	-5.784	-94.636	38.45	-415	-32	-207	113.515934	22.452002	279.68	19.131	0.67709	-0.03568	-0.03571	-0.73413
 None	0.1035	0.0049	1.0244	0.0	0.0	0.0	0.236	-5.784	-94.625	38.49	-415	-31	-206	113.515934	22.452002	279.68	19.131	0.67709	-0.03568	-0.03571	-0.73413
 None	0.1035	0.0049	1.0244	0.0	0.0	0.0	0.236	-5.784	-94.625	38.49	-415	-31	-206	113.515934	22.452002	279.68	19.131	0.67709	-0.03568	-0.03571	-0.73413
 None	0.1035	0.0049	1.0244	0.0	0.0	0.0	0.236	-5.784	-94.625	38.49	-415	-31	-206	113.515934	22.452002	279.68	19.131	0.67709	-0.03568	-0.03571	-0.73413
 None	0.1035	0.0049	1.0244	0.0	0.0	0.0	0.236	-5.784	-94.625	38.49	-415	-31	-206	113.515934	22.452002	279.68	19.131	0.67715	-0.03568	-0.03574	-0.73407
 None	0.1035	0.0044	1.0244	0.0	0.0	0.0	0.236	-5.779	-94.609	38.42	-416	-33	-207	113.515934	22.452002	279.68	19.131	0.67715	-0.03568	-0.03574	-0.73407
 None	0.1035	0.0044	1.0244	0.0	0.0	0.0	0.236	-5.779	-94.609	38.42	-416	-33	-207	113.515906	22.4520179	279.68	19.131	0.67715	-0.03568	-0.03574	-0.73407
 None	0.1035	0.0044	1.0244	0.0	0.0	0.0	0.236	-5.779	-94.609	38.42	-416	-33	-207	113.515906	22.4520179	289.52	19.668	0.67715	-0.03568	-0.03574	-0.73407
 None	0.1035	0.0044	1.0244	0.0	0.0	0.0	0.236	-5.779	-94.609	38.42	-416	-33	-207	113.515906	22.4520179	289.52	19.668	0.67728	-0.03564	-0.03574	-0.73398
 None	0.1035	0.0039	1.0249	0.0	0.0	0.0	0.236	-5.779	-94.625	38.43	-416	-34	-209	113.515906	22.4520179	289.52	19.668	0.67728	-0.03564	-0.03574	-0.73398
 None	0.1035	0.0039	1.0249	0.0	0.0	0.0	0.236	-5.779	-94.625	38.43	-416	-34	-209	113.515906	22.4520179	289.52	19.668	0.67728	-0.03564	-0.03574	-0.73398
 None	0.1035	0.0039	1.0249	0.0	0.0	0.0	0.236	-5.779	-94.625	38.43	-416	-34	-209	113.515906	22.4520179	289.52	19.668	0.67728	-0.03564	-0.03574	-0.73398
 None	0.1035	0.0039	1.0249	0.0	0.0	0.0	0.236	-5.779	-94.625	38.43	-416	-34	-209	113.515906	22.4520179	289.52	19.668	0.67719	-0.03564	-0.03571	-0.73404
 None	0.104	0.0044	1.0249	0.0	0.0	0.0	0.236	-5.779	-94.614	38.47	-415	-31	-207	113.515906	22.4520179	289.52	19.668	0.67719	-0.03564	-0.03571	-0.73404
 None	0.104	0.0044	1.0249	0.0	0.0	0.0	0.236	-5.779	-94.614	38.47	-415	-31	-207	113.515906	22.4520179	289.52	19.668	0.67719	-0.03564	-0.03571	-0.73404
 None	0.104	0.0044	1.0249	0.0	0.0	0.0	0.236	-5.779	-94.614	38.47	-415	-31	-207	113.515906	22.4520179	289.52	19.668	0.67719	-0.03564	-0.03571	-0.73404
 None	0.104	0.0044	1.0249	0.0	0.0	0.0	0.236	-5.779	-94.614	38.47	-415	-31	-207	113.515906	22.4520179	289.52	19.668	0.67725	-0.03564	-0.03571	-0.73401
 None	0.1035	0.0044	1.0249	0.0	0.0	0.0	0.236	-5.779	-94.614	38.49	-417	-34	-209	113.515906	22.4520179	289.52	19.668	0.67725	-0.03564	-0.03571	-0.73401
 None	0.1035	0.0044	1.0249	0.0	0.0	0.0	0.236	-5.779	-94.614	38.49	-417	-34	-209	113.515906	22.4520179	289.52	19.668	0.67725	-0.03564	-0.03571	-0.73401
 None	0.1035	0.0044	1.0249	0.0	0.0	0.0	0.236	-5.779	-94.614	38.49	-417	-34	-209	113.515906	22.4520179	289.52	19.668	0.67725	-0.03564	-0.03571	-0.73401
 None	0.1035	0.0044	1.0249	0.0	0.0	0.0	0.236	-5.779	-94.614	38.49	-417	-34	-209	113.515906	22.4520179	289.52	19.668	0.67725	-0.03564	-0.03571	-0.73398
 None	0.1035	0.0044	1.0254	0.0	0.0	0.0	0.236	-5.779	-94.614	38.45	-417	-30	-205	113.515906	22.4520179	289.52	19.668	0.67725	-0.03564	-0.03571	-0.73398
 None	0.1035	0.0044	1.0254	0.0	0.0	0.0	0.236	-5.779	-94.614	38.45	-417	-30	-205	113.515906	22.4520179	289.52	19.668	0.67725	-0.03564	-0.03571	-0.73398
 None	0.1035	0.0044	1.0254	0.0	0.0	0.0	0.236	-5.779	-94.614	38.45	-417	-30	-205	113.515906	22.4520179	289.52	19.668	0.67725	-0.03564	-0.03571	-0.73398
 None	0.1035	0.0044	1.0254	0.0	0.0	0.0	0.236	-5.779	-94.614	38.45	-417	-30	-205	113.515906	22.4520179	289.52	19.668	0.67725	-0.03564	-0.03571	-0.73401
 None	0.104	0.0044	1.0254	0.0	0.0	0.0	0.236	-5.779	-94.609	38.48	-416	-33	-208	113.515906	22.4520179	289.52	19.668	0.67725	-0.03564	-0.03571	-0.73401
 None	0.104	0.0044	1.0254	0.0	0.0	0.0	0.236	-5.779	-94.609	38.48	-416	-33	-208	113.515906	22.4520179	289.52	19.668	0.67725	-0.03564	-0.03571	-0.73401
 None	0.104	0.0044	1.0254	0.0	0.0	0.0	0.236	-5.779	-94.609	38.48	-416	-33	-208	113.515906	22.4520179	289.52	19.668	0.67725	-0.03564	-0.03571	-0.73401
 None	0.104	0.0044	1.0254	0.0	0.0	0.0	0.236	-5.779	-94.609	38.48	-416	-33	-208	113.515906	22.4520179	289.52	19.668	0.67728	-0.03564	-0.03571	-0.73395
 None	0.1035	0.0044	1.0249	0.0	0.0	0.0	0.236	-5.779	-94.62	38.44	-418	-35	-206	113.515906	22.4520179	289.52	19.668	0.67728	-0.03564	-0.03571	-0.73395
 None	0.1035	0.0044	1.0249	0.0	0.0	0.0	0.236	-5.779	-94.62	38.44	-418	-35	-206	113.515906	22.4520179	289.52	19.668	0.67728	-0.03564	-0.03571	-0.73395
 None	0.1035	0.0044	1.0249	0.0	0.0	0.0	0.236	-5.779	-94.62	38.44	-418	-35	-206	113.515906	22.4520179	289.52	19.668	0.67728	-0.03564	-0.03571	-0.73395
 None	0.1035	0.0044	1.0249	0.0	0.0	0.0	0.236	-5.779	-94.62	38.44	-418	-35	-206	113.515906	22.4520179	289.52	19.668	0.67722	-0.03564	-0.03574	-0.73404
 None	0.1035	0.0044	1.0249	0.0	0.0	0.0	0.236	-5.779	-94.625	38.46	-414	-32	-206	113.515906	22.4520179	289.52	19.668	0.67722	-0.03564	-0.03574	-0.73404
 None	0.1035	0.0044	1.0249	0.0	0.0	0.0	0.236	-5.779	-94.625	38.46	-414	-32	-206	113.515906	22.4520179	289.52	19.668	0.67722	-0.03564	-0.03574	-0.73404
 None	0.1035	0.0044	1.0249	0.0	0.0	0.0	0.236	-5.779	-94.625	38.46	-414	-32	-206	113.515906	22.4520179	289.52	19.668	0.67722	-0.03564	-0.03574	-0.73404
 None	0.1035	0.0044	1.0249	0.0	0.0	0.0	0.236	-5.779	-94.625	38.46	-414	-32	-206	113.515906	22.4520179	289.52	19.668	0.67719	-0.03564	-0.03571	-0.73404
 None	0.1035	0.0044	1.0249	0.0	0.0	0.0	0.236	-5.779	-94.631	38.48	-414	-34	-205	113.515906	22.4520179	289.52	19.668	0.67719	-0.03564	-0.03571	-0.73404
 None	0.1035	0.0044	1.0249	0.0	0.0	0.0	0.236	-5.779	-94.631	38.48	-414	-34	-205	113.515906	22.4520179	289.52	19.668	0.67719	-0.03564	-0.03571	-0.73404
 None	0.1035	0.0044	1.0249	0.0	0.0	0.0	0.236	-5.779	-94.631	38.48	-414	-34	-205	113.515906	22.4520179	289.52	19.668	0.67719	-0.03564	-0.03571	-0.73404
 None	0.1035	0.0044	1.0249	0.0	0.0	0.0	0.236	-5.779	-94.631	38.48	-414	-34	-205	113.515906	22.4520179	289.52	19.668	0.67715	-0.03564	-0.03571	-0.73407
 None	0.1035	0.0044	1.0254	0.0	0.0	0.0	0.236	-5.779	-94.642	38.44	-416	-33	-207	113.515906	22.4520179	289.52	19.668	0.67715	-0.03564	-0.03571	-0.73407
 None	0.1035	0.0044	1.0254	0.0	0.0	0.0	0.236	-5.779	-94.642	38.44	-416	-33	-207	113.515906	22.4520179	289.52	19.668	0.67715	-0.03564	-0.03571	-0.73407
 None	0.1035	0.0044	1.0254	0.0	0.0	0.0	0.236	-5.779	-94.642	38.44	-416	-33	-207	113.515906	22.4520179	289.52	19.668	0.67715	-0.03564	-0.03571	-0.73407
 None	0.1035	0.0044	1.0254	0.0	0.0	0.0	0.236	-5.779	-94.642	38.44	-416	-33	-207	113.515906	22.4520179	289.52	19.668	0.67706	-0.03564	-0.03571	-0.73416
 None	0.1035	0.0044	1.0249	0.0	0.0	0.0	0.242	-5.779	-94.642	38.43	-416	-33	-206	113.515906	22.4520179	289.52	19.668	0.67706	-0.03564	-0.03571	-0.73416
 None	0.1035	0.0044	1.0249	0.0	0.0	0.0	0.242	-5.779	-94.642	38.43	-416	-33	-206	113.515886	22.452053	289.52	19.668	0.67706	-0.03564	-0.03571	-0.73416
 None	0.1035	0.0044	1.0249	0.0	0.0	0.0	0.242	-5.779	-94.642	38.43	-416	-33	-206	113.515886	22.452053	302.95	19.094	0.67706	-0.03564	-0.03571	-0.73416
 None	0.1035	0.0044	1.0249	0.0	0.0	0.0	0.242	-5.779	-94.642	38.43	-416	-33	-206	113.515886	22.452053	302.95	19.094	0.67706	-0.03561	-0.03571	-0.73416
 None	0.1035	0.0044	1.0249	0.0	0.0	0.0	0.242	-5.779	-94.664	38.4	-416	-34	-207	113.515886	22.452053	302.95	19.094	0.67706	-0.03561	-0.03571	-0.73416
 None	0.1035	0.0044	1.0249	0.0	0.0	0.0	0.242	-5.779	-94.664	38.4	-416	-34	-207	113.515886	22.452053	302.95	19.094	0.67706	-0.03561	-0.03571	-0.73416
 None	0.1035	0.0044	1.0249	0.0	0.0	0.0	0.242	-5.779	-94.664	38.4	-416	-34	-207	113.515886	22.452053	302.95	19.094	0.67706	-0.03561	-0.03571	-0.73416
 None	0.1035	0.0044	1.0249	0.0	0.0	0.0	0.242	-5.779	-94.664	38.4	-416	-34	-207	113.515886	22.452053	302.95	19.094	0.67694	-0.03561	-0.03571	-0.73428
 None	0.1035	0.0049	1.0249	0.0	0.0	0.0	0.242	-5.773	-94.68	38.37	-418	-35	-207	113.515886	22.452053	302.95	19.094	0.67694	-0.03561	-0.03571	-0.73428
 None	0.1035	0.0049	1.0249	0.0	0.0	0.0	0.242	-5.773	-94.68	38.37	-418	-35	-207	113.515886	22.452053	302.95	19.094	0.67694	-0.03561	-0.03571	-0.73428
 None	0.1035	0.0049	1.0249	0.0	0.0	0.0	0.242	-5.773	-94.68	38.37	-418	-35	-207	113.515886	22.452053	302.95	19.094	0.67694	-0.03561	-0.03571	-0.73428
 None	0.1035	0.0049	1.0249	0.0	0.0	0.0	0.242	-5.773	-94.68	38.37	-418	-35	-207	113.515886	22.452053	302.95	19.094	0.67682	-0.03561	-0.03571	-0.73438
 None	0.104	0.0044	1.0249	0.0	0.0	0.0	0.242	-5.779	-94.686	38.47	-416	-35	-206	113.515886	22.452053	302.95	19.094	0.67682	-0.03561	-0.03571	-0.73438
 None	0.104	0.0044	1.0249	0.0	0.0	0.0	0.242	-5.779	-94.686	38.47	-416	-35	-206	113.515886	22.452053	302.95	19.094	0.67682	-0.03561	-0.03571	-0.73438
 None	0.104	0.0044	1.0249	0.0	0.0	0.0	0.242	-5.779	-94.686	38.47	-416	-35	-206	113.515886	22.452053	302.95	19.094	0.67682	-0.03561	-0.03571	-0.73438
 None	0.104	0.0044	1.0249	0.0	0.0	0.0	0.242	-5.779	-94.686	38.47	-416	-35	-206	113.515886	22.452053	302.95	19.094	0.67679	-0.03561	-0.03571	-0.73444
 None	0.104	0.0044	1.0249	0.0	0.0	0.0	0.242	-5.779	-94.697	38.41	-419	-34	-209	113.515886	22.452053	302.95	19.094	0.67679	-0.03561	-0.03571	-0.73444
 None	0.104	0.0044	1.0249	0.0	0.0	0.0	0.242	-5.779	-94.697	38.41	-419	-34	-209	113.515886	22.452053	302.95	19.094	0.67679	-0.03561	-0.03571	-0.73444
 None	0.104	0.0044	1.0249	0.0	0.0	0.0	0.242	-5.779	-94.697	38.41	-419	-34	-209	113.515886	22.452053	302.95	19.094	0.67679	-0.03561	-0.03571	-0.73444
 None	0.104	0.0044	1.0249	0.0	0.0	0.0	0.242	-5.779	-94.697	38.41	-419	-34	-209	113.515886	22.452053	302.95	19.094	0.67673	-0.03561	-0.03571	-0.73447
 None	0.1035	0.0044	1.0244	0.0	0.0	0.0	0.242	-5.779	-94.702	38.45	-413	-35	-208	113.515886	22.452053	302.95	19.094	0.67673	-0.03561	-0.03571	-0.73447
 None	0.1035	0.0044	1.0244	0.0	0.0	0.0	0.242	-5.779	-94.702	38.45	-413	-35	-208	113.515886	22.452053	302.95	19.094	0.67673	-0.03561	-0.03571	-0.73447
 None	0.1035	0.0044	1.0244	0.0	0.0	0.0	0.242	-5.779	-94.702	38.45	-413	-35	-208	113.515886	22.452053	302.95	19.094	0.67673	-0.03561	-0.03571	-0.73447
 None	0.1035	0.0044	1.0244	0.0	0.0	0.0	0.242	-5.779	-94.702	38.45	-413	-35	-208	113.515886	22.452053	302.95	19.094	0.6767	-0.03561	-0.03571	-0.7345
 None	0.103	0.0044	1.0249	0.0	0.0	0.0	0.242	-5.773	-94.697	38.44	-417	-33	-206	113.515886	22.452053	302.95	19.094	0.6767	-0.03561	-0.03571	-0.7345
 None	0.103	0.0044	1.0249	0.0	0.0	0.0	0.242	-5.773	-94.697	38.44	-417	-33	-206	113.515886	22.452053	302.95	19.094	0.6767	-0.03561	-0.03571	-0.7345
 None	0.103	0.0044	1.0249	0.0	0.0	0.0	0.242	-5.773	-94.697	38.44	-417	-33	-206	113.515886	22.452053	302.95	19.094	0.6767	-0.03561	-0.03571	-0.7345
 None	0.103	0.0044	1.0249	0.0	0.0	0.0	0.242	-5.773	-94.697	38.44	-417	-33	-206	113.515886	22.452053	302.95	19.094	0.67673	-0.03561	-0.03571	-0.73447
 None	0.1035	0.0044	1.0249	0.0	0.0	0.0	0.242	-5.773	-94.713	38.52	-417	-34	-206	113.515886	22.452053	302.95	19.094	0.67673	-0.03561	-0.03571	-0.73447
 None	0.1035	0.0044	1.0249	0.0	0.0	0.0	0.242	-5.773	-94.713	38.52	-417	-34	-206	113.515886	22.452053	302.95	19.094	0.67673	-0.03561	-0.03571	-0.73447
 None	0.1035	0.0044	1.0249	0.0	0.0	0.0	0.242	-5.773	-94.713	38.52	-417	-34	-206	113.515886	22.452053	302.95	19.094	0.67673	-0.03561	-0.03571	-0.73447
 None	0.1035	0.0044	1.0249	0.0	0.0	0.0	0.242	-5.773	-94.713	38.52	-417	-34	-206	113.515886	22.452053	302.95	19.094	0.67664	-0.03561	-0.03568	-0.73456
 None	0.1035	0.0044	1.0249	0.0	0.0	0.0	0.242	-5.773	-94.702	38.47	-416	-31	-206	113.515886	22.452053	302.95	19.094	0.67664	-0.03561	-0.03568	-0.73456
 None	0.1035	0.0044	1.0249	0.0	0.0	0.0	0.242	-5.773	-94.702	38.47	-416	-31	-206	113.515886	22.452053	302.95	19.094	0.67664	-0.03561	-0.03568	-0.73456
 None	0.1035	0.0044	1.0249	0.0	0.0	0.0	0.242	-5.773	-94.702	38.47	-416	-31	-206	113.515886	22.452053	302.95	19.094	0.67664	-0.03561	-0.03568	-0.73456
 None	0.1035	0.0044	1.0249	0.0	0.0	0.0	0.242	-5.773	-94.702	38.47	-416	-31	-206	113.515886	22.452053	302.95	19.094	0.6767	-0.03558	-0.03568	-0.7345
 None	0.104	0.0044	1.0249	0.0	0.0	0.0	0.242	-5.773	-94.686	38.44	-413	-34	-207	113.515886	22.452053	302.95	19.094	0.6767	-0.03558	-0.03568	-0.7345
 None	0.104	0.0044	1.0249	0.0	0.0	0.0	0.242	-5.773	-94.686	38.44	-413	-34	-207	113.515886	22.452053	302.95	19.094	0.6767	-0.03558	-0.03568	-0.7345
 None	0.104	0.0044	1.0249	0.0	0.0	0.0	0.242	-5.773	-94.686	38.44	-413	-34	-207	113.515886	22.452053	302.95	19.094	0.6767	-0.03558	-0.03568	-0.7345
 None	0.104	0.0044	1.0249	0.0	0.0	0.0	0.242	-5.773	-94.686	38.44	-413	-34	-207	113.515886	22.452053	302.95	19.094	0.67679	-0.03558	-0.03568	-0.73441
 None	0.104	0.0044	1.0249	0.0	0.0	0.0	0.242	-5.773	-94.691	38.42	-414	-33	-205	113.515886	22.452053	302.95	19.094	0.67679	-0.03558	-0.03568	-0.73441
 None	0.104	0.0044	1.0249	0.0	0.0	0.0	0.242	-5.773	-94.691	38.42	-414	-33	-205	113.515879	22.452084	302.95	19.094	0.67679	-0.03558	-0.03568	-0.73441
 None	0.104	0.0044	1.0249	0.0	0.0	0.0	0.242	-5.773	-94.691	38.42	-414	-33	-205	113.515879	22.452084	318.2	20.816	0.67679	-0.03558	-0.03568	-0.73441
 None	0.104	0.0044	1.0249	0.0	0.0	0.0	0.242	-5.773	-94.691	38.42	-414	-33	-205	113.515879	22.452084	318.2	20.816	0.67676	-0.03561	-0.03571	-0.73444
 None	0.103	0.0049	1.0249	0.0	0.0	0.0	0.242	-5.773	-94.691	38.4	-414	-35	-206	113.515879	22.452084	318.2	20.816	0.67676	-0.03561	-0.03571	-0.73444
 None	0.103	0.0049	1.0249	0.0	0.0	0.0	0.242	-5.773	-94.691	38.4	-414	-35	-206	113.515879	22.452084	318.2	20.816	0.67676	-0.03561	-0.03571	-0.73444
 None	0.103	0.0049	1.0249	0.0	0.0	0.0	0.242	-5.773	-94.691	38.4	-414	-35	-206	113.515879	22.452084	318.2	20.816	0.67676	-0.03561	-0.03571	-0.73444
 None	0.103	0.0049	1.0249	0.0	0.0	0.0	0.242	-5.773	-94.691	38.4	-414	-35	-206	113.515879	22.452084	318.2	20.816	0.67676	-0.03561	-0.03568	-0.73444
 None	0.103	0.0049	1.0254	0.0	0.0	0.0	0.242	-5.773	-94.697	38.43	-416	-33	-207	113.515879	22.452084	318.2	20.816	0.67676	-0.03561	-0.03568	-0.73444
 None	0.103	0.0049	1.0254	0.0	0.0	0.0	0.242	-5.773	-94.697	38.43	-416	-33	-207	113.515879	22.452084	318.2	20.816	0.67676	-0.03561	-0.03568	-0.73444
 None	0.103	0.0049	1.0254	0.0	0.0	0.0	0.242	-5.773	-94.697	38.43	-416	-33	-207	113.515879	22.452084	318.2	20.816	0.67676	-0.03561	-0.03568	-0.73444
 None	0.103	0.0049	1.0254	0.0	0.0	0.0	0.242	-5.773	-94.697	38.43	-416	-33	-207	113.515879	22.452084	318.2	20.816	0.67673	-0.03558	-0.03568	-0.73447
 None	0.1035	0.0049	1.0249	0.0	0.0	0.0	0.247	-5.773	-94.697	38.45	-415	-33	-207	113.515879	22.452084	318.2	20.816	0.67673	-0.03558	-0.03568	-0.73447
 None	0.1035	0.0049	1.0249	0.0	0.0	0.0	0.247	-5.773	-94.697	38.45	-415	-33	-207	113.515879	22.452084	318.2	20.816	0.67673	-0.03558	-0.03568	-0.73447
 None	0.1035	0.0049	1.0249	0.0	0.0	0.0	0.247	-5.773	-94.697	38.45	-415	-33	-207	113.515879	22.452084	318.2	20.816	0.67673	-0.03558	-0.03568	-0.73447
 None	0.1035	0.0049	1.0249	0.0	0.0	0.0	0.247	-5.773	-94.697	38.45	-415	-33	-207	113.515879	22.452084	318.2	20.816	0.67673	-0.03555	-0.03571	-0.73447
 None	0.1035	0.0049	1.0244	0.0	0.0	0.0	0.247	-5.773	-94.708	38.44	-415	-33	-208	113.515879	22.452084	318.2	20.816	0.67673	-0.03555	-0.03571	-0.73447
 None	0.1035	0.0049	1.0244	0.0	0.0	0.0	0.247	-5.773	-94.708	38.44	-415	-33	-208	113.515879	22.452084	318.2	20.816	0.67673	-0.03555	-0.03571	-0.73447
 None	0.1035	0.0049	1.0244	0.0	0.0	0.0	0.247	-5.773	-94.708	38.44	-415	-33	-208	113.515879	22.452084	318.2	20.816	0.67673	-0.03555	-0.03571	-0.73447
 None	0.1035	0.0049	1.0244	0.0	0.0	0.0	0.247	-5.773	-94.708	38.44	-415	-33	-208	113.515879	22.452084	318.2	20.816	0.67667	-0.03555	-0.03571	-0.73453
 None	0.104	0.0044	1.0249	0.0	0.0	0.0	0.247	-5.773	-94.708	38.44	-417	-31	-210	113.515879	22.452084	318.2	20.816	0.67667	-0.03555	-0.03571	-0.73453
 None	0.104	0.0044	1.0249	0.0	0.0	0.0	0.247	-5.773	-94.708	38.44	-417	-31	-210	113.515879	22.452084	318.2	20.816	0.67667	-0.03555	-0.03571	-0.73453
 None	0.104	0.0044	1.0249	0.0	0.0	0.0	0.247	-5.773	-94.708	38.44	-417	-31	-210	113.515879	22.452084	318.2	20.816	0.67667	-0.03555	-0.03571	-0.73453
 None	0.104	0.0044	1.0249	0.0	0.0	0.0	0.247	-5.773	-94.708	38.44	-417	-31	-210	113.515879	22.452084	318.2	20.816	0.67667	-0.03558	-0.03571	-0.73453
 None	0.104	0.0044	1.0249	0.0	0.0	0.0	0.247	-5.773	-94.686	38.37	-418	-33	-207	113.515879	22.452084	318.2	20.816	0.67667	-0.03558	-0.03571	-0.73453
 None	0.104	0.0044	1.0249	0.0	0.0	0.0	0.247	-5.773	-94.686	38.37	-418	-33	-207	113.515879	22.452084	318.2	20.816	0.67667	-0.03558	-0.03571	-0.73453
 None	0.104	0.0044	1.0249	0.0	0.0	0.0	0.247	-5.773	-94.686	38.37	-418	-33	-207	113.515879	22.452084	318.2	20.816	0.67667	-0.03558	-0.03571	-0.73453
 None	0.104	0.0044	1.0249	0.0	0.0	0.0	0.247	-5.773	-94.686	38.37	-418	-33	-207	113.515879	22.452084	318.2	20.816	0.67679	-0.03558	-0.03571	-0.73444
 None	0.103	0.0039	1.0259	0.0	0.0	0.0	0.242	-5.773	-94.691	38.5	-417	-34	-209	113.515879	22.452084	318.2	20.816	0.67679	-0.03558	-0.03571	-0.73444
 None	0.103	0.0039	1.0259	0.0	0.0	0.0	0.242	-5.773	-94.691	38.5	-417	-34	-209	113.515879	22.452084	318.2	20.816	0.67679	-0.03558	-0.03571	-0.73444
 None	0.103	0.0039	1.0259	0.0	0.0	0.0	0.242	-5.773	-94.691	38.5	-417	-34	-209	113.515879	22.452084	318.2	20.816	0.67679	-0.03558	-0.03571	-0.73444
 None	0.103	0.0039	1.0259	0.0	0.0	0.0	0.242	-5.773	-94.691	38.5	-417	-34	-209	113.515879	22.452084	318.2	20.816	0.67679	-0.03558	-0.03571	-0.73444
 None	0.103	0.0039	1.0259	0.0	0.0	0.0	0.242	-5.773	-94.686	38.49	-414	-32	-207	113.515879	22.452084	318.2	20.816	0.67679	-0.03558	-0.03571	-0.73444
 None	0.103	0.0039	1.0259	0.0	0.0	0.0	0.242	-5.773	-94.686	38.49	-414	-32	-207	113.515879	22.452084	318.2	20.816	0.67679	-0.03558	-0.03571	-0.73444
 None	0.103	0.0039	1.0259	0.0	0.0	0.0	0.242	-5.773	-94.686	38.49	-414	-32	-207	113.515879	22.452084	318.2	20.816	0.67679	-0.03558	-0.03571	-0.73444
 None	0.103	0.0039	1.0259	0.0	0.0	0.0	0.242	-5.773	-94.686	38.49	-414	-32	-207	113.515879	22.452084	318.2	20.816	0.67679	-0.03558	-0.03568	-0.73441
 None	0.1035	0.0044	1.0254	0.0	0.0	0.0	0.242	-5.768	-94.669	38.46	-414	-32	-207	113.515879	22.452084	318.2	20.816	0.67679	-0.03558	-0.03568	-0.73441
 None	0.1035	0.0044	1.0254	0.0	0.0	0.0	0.242	-5.768	-94.669	38.46	-414	-32	-207	113.515879	22.452084	318.2	20.816	0.67679	-0.03558	-0.03568	-0.73441
 None	0.1035	0.0044	1.0254	0.0	0.0	0.0	0.242	-5.768	-94.669	38.46	-414	-32	-207	113.515879	22.452084	318.2	20.816	0.67679	-0.03558	-0.03568	-0.73441
 None	0.1035	0.0044	1.0254	0.0	0.0	0.0	0.242	-5.768	-94.669	38.46	-414	-32	-207	113.515879	22.452084	318.2	20.816	0.67691	-0.03555	-0.03568	-0.73431
 None	0.104	0.0044	1.0249	0.0	0.0	0.0	0.242	-5.768	-94.658	38.42	-414	-32	-208	113.515879	22.452084	318.2	20.816	0.67691	-0.03555	-0.03568	-0.73431
 None	0.104	0.0044	1.0249	0.0	0.0	0.0	0.242	-5.768	-94.658	38.42	-414	-32	-208	113.515879	22.452084	318.2	20.816	0.67691	-0.03555	-0.03568	-0.73431
 None	0.104	0.0044	1.0249	0.0	0.0	0.0	0.242	-5.768	-94.658	38.42	-414	-32	-208	113.515879	22.452084	318.2	20.816	0.67691	-0.03555	-0.03568	-0.73431
 None	0.104	0.0044	1.0249	0.0	0.0	0.0	0.242	-5.768	-94.658	38.42	-414	-32	-208	113.515879	22.452084	318.2	20.816	0.67697	-0.03555	-0.03568	-0.73425
 None	0.1035	0.0049	1.0249	0.0	0.0	0.0	0.242	-5.768	-94.647	38.43	-415	-32	-206	113.515879	22.452084	318.2	20.816	0.67697	-0.03555	-0.03568	-0.73425
 None	0.1035	0.0049	1.0249	0.0	0.0	0.0	0.242	-5.768	-94.647	38.43	-415	-32	-206	113.515877	22.452116	318.2	20.816	0.67697	-0.03555	-0.03568	-0.73425
 None	0.1035	0.0049	1.0249	0.0	0.0	0.0	0.242	-5.768	-94.647	38.43	-415	-32	-206	113.515877	22.452116	-320.12	20.149	0.67697	-0.03555	-0.03568	-0.73425
 None	0.1035	0.0049	1.0249	0.0	0.0	0.0	0.242	-5.768	-94.647	38.43	-415	-32	-206	113.515877	22.452116	-320.12	20.149	0.67703	-0.03555	-0.03571	-0.73419
 None	0.103	0.0044	1.0249	0.0	0.0	0.0	0.247	-5.768	-94.658	38.38	-415	-32	-206	113.515877	22.452116	-320.12	20.149	0.67703	-0.03555	-0.03571	-0.73419
 None	0.103	0.0044	1.0249	0.0	0.0	0.0	0.247	-5.768	-94.658	38.38	-415	-32	-206	113.515877	22.452116	-320.12	20.149	0.67703	-0.03555	-0.03571	-0.73419
 None	0.103	0.0044	1.0249	0.0	0.0	0.0	0.247	-5.768	-94.658	38.38	-415	-32	-206	113.515877	22.452116	-320.12	20.149	0.67703	-0.03555	-0.03571	-0.73419
 None	0.103	0.0044	1.0249	0.0	0.0	0.0	0.247	-5.768	-94.658	38.38	-415	-32	-206	113.515877	22.452116	-320.12	20.149	0.67697	-0.03555	-0.03571	-0.73425
 None	0.104	0.0039	1.0249	0.0	0.0	0.0	0.242	-5.768	-94.658	38.39	-418	-33	-207	113.515877	22.452116	-320.12	20.149	0.67697	-0.03555	-0.03571	-0.73425
 None	0.104	0.0039	1.0249	0.0	0.0	0.0	0.242	-5.768	-94.658	38.39	-418	-33	-207	113.515877	22.452116	-320.12	20.149	0.67697	-0.03555	-0.03571	-0.73425
 None	0.104	0.0039	1.0249	0.0	0.0	0.0	0.242	-5.768	-94.658	38.39	-418	-33	-207	113.515877	22.452116	-320.12	20.149	0.67697	-0.03555	-0.03571	-0.73425
 None	0.104	0.0039	1.0249	0.0	0.0	0.0	0.242	-5.768	-94.658	38.39	-418	-33	-207	113.515877	22.452116	-320.12	20.149	0.67697	-0.03555	-0.03568	-0.73425
 None	0.103	0.0044	1.0244	0.0	0.0	0.0	0.242	-5.768	-94.647	38.41	-415	-30	-211	113.515877	22.452116	-320.12	20.149	0.67697	-0.03555	-0.03568	-0.73425
 None	0.103	0.0044	1.0244	0.0	0.0	0.0	0.242	-5.768	-94.647	38.41	-415	-30	-211	113.515877	22.452116	-320.12	20.149	0.67697	-0.03555	-0.03568	-0.73425
 None	0.103	0.0044	1.0244	0.0	0.0	0.0	0.242	-5.768	-94.647	38.41	-415	-30	-211	113.515877	22.452116	-320.12	20.149	0.67697	-0.03555	-0.03568	-0.73425
 None	0.103	0.0044	1.0244	0.0	0.0	0.0	0.242	-5.768	-94.647	38.41	-415	-30	-211	113.515877	22.452116	-320.12	20.149	0.67703	-0.03555	-0.03568	-0.73419
 None	0.103	0.0044	1.0244	0.0	0.0	0.0	0.242	-5.768	-94.653	38.47	-419	-36	-209	113.515877	22.452116	-320.12	20.149	0.67703	-0.03555	-0.03568	-0.73419
 None	0.103	0.0044	1.0244	0.0	0.0	0.0	0.242	-5.768	-94.653	38.47	-419	-36	-209	113.515877	22.452116	-320.12	20.149	0.67703	-0.03555	-0.03568	-0.73419
 None	0.103	0.0044	1.0244	0.0	0.0	0.0	0.242	-5.768	-94.653	38.47	-419	-36	-209	113.515877	22.452116	-320.12	20.149	0.67703	-0.03555	-0.03568	-0.73419
 None	0.103	0.0044	1.0244	0.0	0.0	0.0	0.242	-5.768	-94.653	38.47	-419	-36	-209	113.515877	22.452116	-320.12	20.149	0.677	-0.03552	-0.03568	-0.73422
 None	0.1025	0.0039	1.0249	0.0	0.0	0.0	0.242	-5.762	-94.658	38.41	-415	-35	-208	113.515877	22.452116	-320.12	20.149	0.677	-0.03552	-0.03568	-0.73422
 None	0.1025	0.0039	1.0249	0.0	0.0	0.0	0.242	-5.762	-94.658	38.41	-415	-35	-208	113.515877	22.452116	-320.12	20.149	0.677	-0.03552	-0.03568	-0.73422
 None	0.1025	0.0039	1.0249	0.0	0.0	0.0	0.242	-5.762	-94.658	38.41	-415	-35	-208	113.515877	22.452116	-320.12	20.149	0.677	-0.03552	-0.03568	-0.73422
 None	0.1025	0.0039	1.0249	0.0	0.0	0.0	0.242	-5.762	-94.658	38.41	-415	-35	-208	113.515877	22.452116	-320.12	20.149	0.67697	-0.03552	-0.03564	-0.73425
 None	0.103	0.0039	1.0254	0.0	0.0	0.0	0.242	-5.762	-94.686	38.45	-417	-36	-206	113.515877	22.452116	-320.12	20.149	0.67697	-0.03552	-0.03564	-0.73425
 None	0.103	0.0039	1.0254	0.0	0.0	0.0	0.242	-5.762	-94.686	38.45	-417	-36	-206	113.515877	22.452116	-320.12	20.149	0.67697	-0.03552	-0.03564	-0.73425
 None	0.103	0.0039	1.0254	0.0	0.0	0.0	0.242	-5.762	-94.686	38.45	-417	-36	-206	113.515877	22.452116	-320.12	20.149	0.67697	-0.03552	-0.03564	-0.73425
 None	0.103	0.0039	1.0254	0.0	0.0	0.0	0.242	-5.762	-94.686	38.45	-417	-36	-206	113.515877	22.452116	-320.12	20.149	0.67682	-0.03552	-0.03561	-0.73441
 None	0.104	0.0044	1.0249	0.0	0.0	0.0	0.242	-5.762	-94.697	38.41	-413	-35	-208	113.515877	22.452116	-320.12	20.149	0.67682	-0.03552	-0.03561	-0.73441
 None	0.104	0.0044	1.0249	0.0	0.0	0.0	0.242	-5.762	-94.697	38.41	-413	-35	-208	113.515877	22.452116	-320.12	20.149	0.67682	-0.03552	-0.03561	-0.73441
 None	0.104	0.0044	1.0249	0.0	0.0	0.0	0.242	-5.762	-94.697	38.41	-413	-35	-208	113.515877	22.452116	-320.12	20.149	0.67682	-0.03552	-0.03561	-0.73441
 None	0.104	0.0044	1.0249	0.0	0.0	0.0	0.242	-5.762	-94.697	38.41	-413	-35	-208	113.515877	22.452116	-320.12	20.149	0.67673	-0.03555	-0.03561	-0.73447
 None	0.103	0.0044	1.0249	0.0	0.0	0.0	0.242	-5.762	-94.702	38.42	-417	-32	-210	113.515877	22.452116	-320.12	20.149	0.67673	-0.03555	-0.03561	-0.73447
 None	0.103	0.0044	1.0249	0.0	0.0	0.0	0.242	-5.762	-94.702	38.42	-417	-32	-210	113.515877	22.452116	-320.12	20.149	0.67673	-0.03555	-0.03561	-0.73447
 None	0.103	0.0044	1.0249	0.0	0.0	0.0	0.242	-5.762	-94.702	38.42	-417	-32	-210	113.515877	22.452116	-320.12	20.149	0.67673	-0.03555	-0.03561	-0.73447
 None	0.103	0.0044	1.0249	0.0	0.0	0.0	0.242	-5.762	-94.702	38.42	-417	-32	-210	113.515877	22.452116	-320.12	20.149	0.6767	-0.03555	-0.03561	-0.73453
 None	0.104	0.0044	1.0249	0.0	0.0	0.0	0.242	-5.762	-94.702	38.47	-416	-34	-210	113.515877	22.452116	-320.12	20.149	0.6767	-0.03555	-0.03561	-0.73453
 None	0.104	0.0044	1.0249	0.0	0.0	0.0	0.242	-5.762	-94.702	38.47	-416	-34	-210	113.515877	22.452116	-320.12	20.149	0.6767	-0.03555	-0.03561	-0.73453
 None	0.104	0.0044	1.0249	0.0	0.0	0.0	0.242	-5.762	-94.702	38.47	-416	-34	-210	113.515877	22.452116	-320.12	20.149	0.6767	-0.03555	-0.03561	-0.73453
 None	0.104	0.0044	1.0249	0.0	0.0	0.0	0.242	-5.762	-94.702	38.47	-416	-34	-210	113.515877	22.452116	-320.12	20.149	0.6767	-0.03555	-0.03561	-0.7345
 None	0.1035	0.0039	1.0249	0.0	0.0	0.0	0.242	-5.762	-94.702	38.42	-415	-32	-208	113.515877	22.452116	-320.12	20.149	0.6767	-0.03555	-0.03561	-0.7345
 None	0.1035	0.0039	1.0249	0.0	0.0	0.0	0.242	-5.762	-94.702	38.42	-415	-32	-208	113.515876	22.452148	-320.12	20.149	0.6767	-0.03555	-0.03561	-0.7345
 None	0.1035	0.0039	1.0249	0.0	0.0	0.0	0.242	-5.762	-94.702	38.42	-415	-32	-208	113.515876	22.452148	-302.58	20.705	0.6767	-0.03555	-0.03561	-0.7345
 None	0.1035	0.0039	1.0249	0.0	0.0	0.0	0.242	-5.762	-94.702	38.42	-415	-32	-208	113.515876	22.452148	-302.58	20.705	0.6767	-0.03555	-0.03561	-0.7345
 None	0.104	0.0044	1.0249	0.0	0.0	0.0	0.242	-5.762	-94.697	38.47	-417	-34	-208	113.515876	22.452148	-302.58	20.705	0.6767	-0.03555	-0.03561	-0.7345
 None	0.104	0.0044	1.0249	0.0	0.0	0.0	0.242	-5.762	-94.697	38.47	-417	-34	-208	113.515876	22.452148	-302.58	20.705	0.6767	-0.03555	-0.03561	-0.7345
 None	0.104	0.0044	1.0249	0.0	0.0	0.0	0.242	-5.762	-94.697	38.47	-417	-34	-208	113.515876	22.452148	-302.58	20.705	0.6767	-0.03555	-0.03561	-0.7345
 None	0.104	0.0044	1.0249	0.0	0.0	0.0	0.242	-5.762	-94.697	38.47	-417	-34	-208	113.515876	22.452148	-302.58	20.705	0.67673	-0.03555	-0.03561	-0.7345
 None	0.104	0.0039	1.0249	0.0	0.0	0.0	0.236	-5.762	-94.702	38.3	-415	-35	-206	113.515876	22.452148	-302.58	20.705	0.67673	-0.03555	-0.03561	-0.7345
 None	0.104	0.0039	1.0249	0.0	0.0	0.0	0.236	-5.762	-94.702	38.3	-415	-35	-206	113.515876	22.452148	-302.58	20.705	0.67673	-0.03555	-0.03561	-0.7345
 None	0.104	0.0039	1.0249	0.0	0.0	0.0	0.236	-5.762	-94.702	38.3	-415	-35	-206	113.515876	22.452148	-302.58	20.705	0.67673	-0.03555	-0.03561	-0.7345
 None	0.104	0.0039	1.0249	0.0	0.0	0.0	0.236	-5.762	-94.702	38.3	-415	-35	-206	113.515876	22.452148	-302.58	20.705	0.6767	-0.03555	-0.03561	-0.73453
 None	0.1035	0.0039	1.0244	0.0	0.0	0.0	0.236	-5.768	-94.719	38.42	-414	-34	-209	113.515876	22.452148	-302.58	20.705	0.6767	-0.03555	-0.03561	-0.73453
 None	0.1035	0.0039	1.0244	0.0	0.0	0.0	0.236	-5.768	-94.719	38.42	-414	-34	-209	113.515876	22.452148	-302.58	20.705	0.6767	-0.03555	-0.03561	-0.73453
 None	0.1035	0.0039	1.0244	0.0	0.0	0.0	0.236	-5.768	-94.719	38.42	-414	-34	-209	113.515876	22.452148	-302.58	20.705	0.6767	-0.03555	-0.03561	-0.73453
 None	0.1035	0.0039	1.0244	0.0	0.0	0.0	0.236	-5.768	-94.719	38.42	-414	-34	-209	113.515876	22.452148	-302.58	20.705	0.67657	-0.03558	-0.03561	-0.73462
 None	0.1035	0.0039	1.0244	0.0	0.0	0.0	0.236	-5.768	-94.719	38.44	-415	-32	-207	113.515876	22.452148	-302.58	20.705	0.67657	-0.03558	-0.03561	-0.73462
 None	0.1035	0.0039	1.0244	0.0	0.0	0.0	0.236	-5.768	-94.719	38.44	-415	-32	-207	113.515876	22.452148	-302.58	20.705	0.67657	-0.03558	-0.03561	-0.73462
 None	0.1035	0.0039	1.0244	0.0	0.0	0.0	0.236	-5.768	-94.719	38.44	-415	-32	-207	113.515876	22.452148	-302.58	20.705	0.67657	-0.03558	-0.03561	-0.73462
 None	0.1035	0.0039	1.0244	0.0	0.0	0.0	0.236	-5.768	-94.719	38.44	-415	-32	-207	113.515876	22.452148	-302.58	20.705	0.67657	-0.03558	-0.03561	-0.73462
 None	0.103	0.0044	1.0239	0.0	0.0	0.0	0.236	-5.762	-94.708	38.42	-418	-33	-208	113.515876	22.452148	-302.58	20.705	0.67657	-0.03558	-0.03561	-0.73462
 None	0.103	0.0044	1.0239	0.0	0.0	0.0	0.236	-5.762	-94.708	38.42	-418	-33	-208	113.515876	22.452148	-302.58	20.705	0.67657	-0.03558	-0.03561	-0.73462
 None	0.103	0.0044	1.0239	0.0	0.0	0.0	0.236	-5.762	-94.708	38.42	-418	-33	-208	113.515876	22.452148	-302.58	20.705	0.67657	-0.03558	-0.03561	-0.73462
 None	0.103	0.0044	1.0239	0.0	0.0	0.0	0.236	-5.762	-94.708	38.42	-418	-33	-208	113.515876	22.452148	-302.58	20.705	0.67664	-0.03558	-0.03558	-0.73456
 None	0.104	0.0049	1.0249	0.0	0.0	0.0	0.236	-5.762	-94.713	38.44	-416	-32	-208	113.515876	22.452148	-302.58	20.705	0.67664	-0.03558	-0.03558	-0.73456
 None	0.104	0.0049	1.0249	0.0	0.0	0.0	0.236	-5.762	-94.713	38.44	-416	-32	-208	113.515876	22.452148	-302.58	20.705	0.67664	-0.03558	-0.03558	-0.73456
 None	0.104	0.0049	1.0249	0.0	0.0	0.0	0.236	-5.762	-94.713	38.44	-416	-32	-208	113.515876	22.452148	-302.58	20.705	0.67664	-0.03558	-0.03558	-0.73456
 None	0.104	0.0049	1.0249	0.0	0.0	0.0	0.236	-5.762	-94.713	38.44	-416	-32	-208	113.515876	22.452148	-302.58	20.705	0.67664	-0.03555	-0.03558	-0.73459
 None	0.103	0.0034	1.0259	0.0	0.0	0.0	0.236	-5.762	-94.708	38.46	-415	-35	-205	113.515876	22.452148	-302.58	20.705	0.67664	-0.03555	-0.03558	-0.73459
 None	0.103	0.0034	1.0259	0.0	0.0	0.0	0.236	-5.762	-94.708	38.46	-415	-35	-205	113.515876	22.452148	-302.58	20.705	0.67664	-0.03555	-0.03558	-0.73459
 None	0.103	0.0034	1.0259	0.0	0.0	0.0	0.236	-5.762	-94.708	38.46	-415	-35	-205	113.515876	22.452148	-302.58	20.705	0.67664	-0.03555	-0.03558	-0.73459
 None	0.103	0.0034	1.0259	0.0	0.0	0.0	0.236	-5.762	-94.708	38.46	-415	-35	-205	113.515876	22.452148	-302.58	20.705	0.67667	-0.03558	-0.03561	-0.73453
 None	0.103	0.0034	1.0249	0.0	0.0	0.0	0.236	-5.762	-94.719	38.4	-416	-35	-209	113.515876	22.452148	-302.58	20.705	0.67667	-0.03558	-0.03561	-0.73453
 None	0.103	0.0034	1.0249	0.0	0.0	0.0	0.236	-5.762	-94.719	38.4	-416	-35	-209	113.515876	22.452148	-302.58	20.705	0.67667	-0.03558	-0.03561	-0.73453
 None	0.103	0.0034	1.0249	0.0	0.0	0.0	0.236	-5.762	-94.719	38.4	-416	-35	-209	113.515876	22.452148	-302.58	20.705	0.67667	-0.03558	-0.03561	-0.73453
 None	0.103	0.0034	1.0249	0.0	0.0	0.0	0.236	-5.762	-94.719	38.4	-416	-35	-209	113.515876	22.452148	-302.58	20.705	0.67661	-0.03558	-0.03558	-0.73459
