Chiptime	ax(g)	ay(g)	az(g)	wx(deg/s)	wy(deg/s)	wz(deg/s)	AngleX(deg)	AngleY(deg)	AngleZ(deg)	T(бу)	magx	magy	magz	lon	lat	Yaw	Speed	q1	q2	q3	q4
 None	0.1011	0.001	1.0254	0.0	0.0	0.0	0.077	-5.63	-94.741	33.66	-415	-33	-211	114.38073333	23.20880267	186.88	20.501	0.67657	-0.03568	-0.03375	-0.73471
 None	0.1011	0.001	1.0254	0.0	0.0	0.0	0.077	-5.63	-94.741	33.66	-415	-33	-211	114.38073333	23.20880267	186.88	20.501	0.67657	-0.03568	-0.03375	-0.73471
 None	0.1011	0.001	1.0254	0.0	0.0	0.0	0.077	-5.63	-94.741	33.66	-415	-33	-211	114.38073333	23.20880267	186.88	20.501	0.67657	-0.03568	-0.03375	-0.73471
 None	0.1011	0.001	1.0254	0.0	0.0	0.0	0.077	-5.63	-94.741	33.66	-415	-33	-211	114.38073333	23.20880267	186.88	20.501	0.67642	-0.03568	-0.03375	-0.73483
 None	0.1011	0.0015	1.0249	0.0	0.0	0.0	0.071	-5.63	-94.741	33.63	-417	-32	-212	114.38073333	23.20880267	186.88	20.501	0.67642	-0.03568	-0.03375	-0.73483
 None	0.1011	0.0015	1.0249	0.0	0.0	0.0	0.071	-5.63	-94.741	33.63	-417	-32	-212	114.38073067	23.208728	186.88	20.501	0.67642	-0.03568	-0.03375	-0.73483
 None	0.1011	0.0015	1.0249	0.0	0.0	0.0	0.071	-5.63	-94.741	33.63	-417	-32	-212	114.38073067	23.208728	186.76	20.872	0.67642	-0.03568	-0.03375	-0.73483
 None	0.1011	0.0015	1.0249	0.0	0.0	0.0	0.071	-5.63	-94.741	33.63	-417	-32	-212	114.38073067	23.208728	186.76	20.872	0.67642	-0.03568	-0.03375	-0.73483
 None	0.1006	0.002	1.0249	0.0	0.0	0.0	0.077	-5.63	-94.724	33.66	-416	-33	-211	114.38073067	23.208728	186.76	20.872	0.67642	-0.03568	-0.03375	-0.73483
 None	0.1006	0.002	1.0249	0.0	0.0	0.0	0.077	-5.63	-94.724	33.66	-416	-33	-211	114.38073067	23.208728	186.76	20.872	0.67642	-0.03568	-0.03375	-0.73483
 None	0.1006	0.002	1.0249	0.0	0.0	0.0	0.077	-5.63	-94.724	33.66	-416	-33	-211	114.38073067	23.208728	186.76	20.872	0.67642	-0.03568	-0.03375	-0.73483
 None	0.1006	0.002	1.0249	0.0	0.0	0.0	0.077	-5.63	-94.724	33.66	-416	-33	-211	114.38073067	23.208728	186.76	20.872	0.67654	-0.03564	-0.03375	-0.73474
 None	0.1011	0.001	1.0249	0.0	0.0	0.0	0.077	-5.63	-94.719	33.74	-415	-31	-210	114.38073067	23.208728	186.76	20.872	0.67654	-0.03564	-0.03375	-0.73474
 None	0.1011	0.001	1.0249	0.0	0.0	0.0	0.077	-5.63	-94.719	33.74	-415	-31	-210	114.38073067	23.208728	186.76	20.872	0.67654	-0.03564	-0.03375	-0.73474
 None	0.1011	0.001	1.0249	0.0	0.0	0.0	0.077	-5.63	-94.719	33.74	-415	-31	-210	114.38073067	23.208728	186.76	20.872	0.67654	-0.03564	-0.03375	-0.73474
 None	0.1011	0.001	1.0249	0.0	0.0	0.0	0.077	-5.63	-94.719	33.74	-415	-31	-210	114.38073067	23.208728	186.76	20.872	0.67657	-0.03564	-0.03375	-0.73471
 None	0.1016	0.001	1.0254	0.0	0.0	0.0	0.071	-5.63	-94.719	33.68	-416	-32	-210	114.38073067	23.208728	186.76	20.872	0.67657	-0.03564	-0.03375	-0.73471
 None	0.1016	0.001	1.0254	0.0	0.0	0.0	0.071	-5.63	-94.719	33.68	-416	-32	-210	114.38073067	23.208728	186.76	20.872	0.67657	-0.03564	-0.03375	-0.73471
 None	0.1016	0.001	1.0254	0.0	0.0	0.0	0.071	-5.63	-94.719	33.68	-416	-32	-210	114.38073067	23.208728	186.76	20.872	0.67657	-0.03564	-0.03375	-0.73471
 None	0.1016	0.001	1.0254	0.0	0.0	0.0	0.071	-5.63	-94.719	33.68	-416	-32	-210	114.38073067	23.208728	186.76	20.872	0.67657	-0.03568	-0.03375	-0.73468
 None	0.1011	0.0015	1.0249	0.0	0.0	0.0	0.071	-5.63	-94.702	33.67	-416	-29	-210	114.38073067	23.208728	186.76	20.872	0.67657	-0.03568	-0.03375	-0.73468
 None	0.1011	0.0015	1.0249	0.0	0.0	0.0	0.071	-5.63	-94.702	33.67	-416	-29	-210	114.38073067	23.208728	186.76	20.872	0.67657	-0.03568	-0.03375	-0.73468
 None	0.1011	0.0015	1.0249	0.0	0.0	0.0	0.071	-5.63	-94.702	33.67	-416	-29	-210	114.38073067	23.208728	186.76	20.872	0.67657	-0.03568	-0.03375	-0.73468
 None	0.1011	0.0015	1.0249	0.0	0.0	0.0	0.071	-5.63	-94.702	33.67	-416	-29	-210	114.38073067	23.208728	186.76	20.872	0.67667	-0.03568	-0.03375	-0.73462
 None	0.1011	0.002	1.0249	0.0	0.0	0.0	0.077	-5.63	-94.686	33.64	-415	-30	-208	114.38073067	23.208728	186.76	20.872	0.67667	-0.03568	-0.03375	-0.73462
 None	0.1011	0.002	1.0249	0.0	0.0	0.0	0.077	-5.63	-94.686	33.64	-415	-30	-208	114.38073067	23.208728	186.76	20.872	0.67667	-0.03568	-0.03375	-0.73462
 None	0.1011	0.002	1.0249	0.0	0.0	0.0	0.077	-5.63	-94.686	33.64	-415	-30	-208	114.38073067	23.208728	186.76	20.872	0.67667	-0.03568	-0.03375	-0.73462
 None	0.1011	0.002	1.0249	0.0	0.0	0.0	0.077	-5.63	-94.686	33.64	-415	-30	-208	114.38073067	23.208728	186.76	20.872	0.67679	-0.03568	-0.03378	-0.73453
 None	0.1011	0.0015	1.0254	0.0	0.0	0.0	0.077	-5.63	-94.664	33.67	-415	-29	-208	114.38073067	23.208728	186.76	20.872	0.67679	-0.03568	-0.03378	-0.73453
 None	0.1011	0.0015	1.0254	0.0	0.0	0.0	0.077	-5.63	-94.664	33.67	-415	-29	-208	114.38073067	23.208728	186.76	20.872	0.67679	-0.03568	-0.03378	-0.73453
 None	0.1011	0.0015	1.0254	0.0	0.0	0.0	0.077	-5.63	-94.664	33.67	-415	-29	-208	114.38073067	23.208728	186.76	20.872	0.67679	-0.03568	-0.03378	-0.73453
 None	0.1011	0.0015	1.0254	0.0	0.0	0.0	0.077	-5.63	-94.664	33.67	-415	-29	-208	114.38073067	23.208728	186.76	20.872	0.67694	-0.03564	-0.03378	-0.73438
 None	0.1011	0.001	1.0254	0.0	0.0	0.0	0.077	-5.63	-94.658	33.62	-417	-31	-208	114.38073067	23.208728	186.76	20.872	0.67694	-0.03564	-0.03378	-0.73438
 None	0.1011	0.001	1.0254	0.0	0.0	0.0	0.077	-5.63	-94.658	33.62	-417	-31	-208	114.38073067	23.208728	186.76	20.872	0.67694	-0.03564	-0.03378	-0.73438
 None	0.1011	0.001	1.0254	0.0	0.0	0.0	0.077	-5.63	-94.658	33.62	-417	-31	-208	114.38073067	23.208728	186.76	20.872	0.67694	-0.03564	-0.03378	-0.73438
 None	0.1011	0.001	1.0254	0.0	0.0	0.0	0.077	-5.63	-94.658	33.62	-417	-31	-208	114.38073067	23.208728	186.76	20.872	0.67697	-0.03564	-0.03378	-0.73434
 None	0.1016	0.0015	1.0249	0.0	0.0	0.0	0.077	-5.63	-94.669	33.67	-414	-31	-208	114.38073067	23.208728	186.76	20.872	0.67697	-0.03564	-0.03378	-0.73434
 None	0.1016	0.0015	1.0249	0.0	0.0	0.0	0.077	-5.63	-94.669	33.67	-414	-31	-208	114.38073067	23.208728	186.76	20.872	0.67697	-0.03564	-0.03378	-0.73434
 None	0.1016	0.0015	1.0249	0.0	0.0	0.0	0.077	-5.63	-94.669	33.67	-414	-31	-208	114.38073067	23.208728	186.76	20.872	0.67697	-0.03564	-0.03378	-0.73434
 None	0.1016	0.0015	1.0249	0.0	0.0	0.0	0.077	-5.63	-94.669	33.67	-414	-31	-208	114.38073067	23.208728	186.76	20.872	0.67691	-0.03564	-0.03378	-0.73441
 None	0.1016	0.0015	1.0254	0.0	0.0	0.0	0.077	-5.63	-94.664	33.59	-410	-31	-207	114.38073067	23.208728	186.76	20.872	0.67691	-0.03564	-0.03378	-0.73441
 None	0.1016	0.0015	1.0254	0.0	0.0	0.0	0.077	-5.63	-94.664	33.59	-410	-31	-207	114.38073067	23.208728	186.76	20.872	0.67691	-0.03564	-0.03378	-0.73441
 None	0.1016	0.0015	1.0254	0.0	0.0	0.0	0.077	-5.63	-94.664	33.59	-410	-31	-207	114.38073067	23.208728	186.76	20.872	0.67691	-0.03564	-0.03378	-0.73441
 None	0.1016	0.0015	1.0254	0.0	0.0	0.0	0.077	-5.63	-94.664	33.59	-410	-31	-207	114.38073067	23.208728	186.76	20.872	0.67691	-0.03568	-0.03378	-0.73438
 None	0.1011	0.0015	1.0254	0.0	0.0	0.0	0.077	-5.63	-94.658	33.67	-415	-31	-210	114.38073067	23.208728	186.76	20.872	0.67691	-0.03568	-0.03378	-0.73438
 None	0.1011	0.0015	1.0254	0.0	0.0	0.0	0.077	-5.63	-94.658	33.67	-415	-31	-210	114.38068533	23.20862667	186.76	20.872	0.67691	-0.03568	-0.03378	-0.73438
 None	0.1011	0.0015	1.0254	0.0	0.0	0.0	0.077	-5.63	-94.658	33.67	-415	-31	-210	114.38068533	23.20862667	186.87	18.76	0.67691	-0.03568	-0.03378	-0.73438
 None	0.1011	0.0015	1.0254	0.0	0.0	0.0	0.077	-5.63	-94.658	33.67	-415	-31	-210	114.38068533	23.20862667	186.87	18.76	0.67697	-0.03568	-0.03378	-0.73434
 None	0.1011	0.001	1.0254	0.0	0.0	0.0	0.077	-5.63	-94.625	33.69	-419	-30	-208	114.38068533	23.20862667	186.87	18.76	0.67697	-0.03568	-0.03378	-0.73434
 None	0.1011	0.001	1.0254	0.0	0.0	0.0	0.077	-5.63	-94.625	33.69	-419	-30	-208	114.38068533	23.20862667	186.87	18.76	0.67697	-0.03568	-0.03378	-0.73434
 None	0.1011	0.001	1.0254	0.0	0.0	0.0	0.077	-5.63	-94.625	33.69	-419	-30	-208	114.38068533	23.20862667	186.87	18.76	0.67697	-0.03568	-0.03378	-0.73434
 None	0.1011	0.001	1.0254	0.0	0.0	0.0	0.077	-5.63	-94.625	33.69	-419	-30	-208	114.38068533	23.20862667	186.87	18.76	0.67715	-0.03564	-0.03381	-0.73416
 None	0.1011	0.001	1.0249	0.0	0.0	0.0	0.071	-5.63	-94.62	33.67	-417	-33	-210	114.38068533	23.20862667	186.87	18.76	0.67715	-0.03564	-0.03381	-0.73416
 None	0.1011	0.001	1.0249	0.0	0.0	0.0	0.071	-5.63	-94.62	33.67	-417	-33	-210	114.38068533	23.20862667	186.87	18.76	0.67715	-0.03564	-0.03381	-0.73416
 None	0.1011	0.001	1.0249	0.0	0.0	0.0	0.071	-5.63	-94.62	33.67	-417	-33	-210	114.38068533	23.20862667	186.87	18.76	0.67715	-0.03564	-0.03381	-0.73416
 None	0.1011	0.001	1.0249	0.0	0.0	0.0	0.071	-5.63	-94.62	33.67	-417	-33	-210	114.38068533	23.20862667	186.87	18.76	0.67719	-0.03564	-0.03378	-0.73413
 None	0.1011	0.001	1.0244	0.0	0.0	0.0	0.071	-5.63	-94.614	33.72	-416	-32	-207	114.38068533	23.20862667	186.87	18.76	0.67719	-0.03564	-0.03378	-0.73413
 None	0.1011	0.001	1.0244	0.0	0.0	0.0	0.071	-5.63	-94.614	33.72	-416	-32	-207	114.38068533	23.20862667	186.87	18.76	0.67719	-0.03564	-0.03378	-0.73413
 None	0.1011	0.001	1.0244	0.0	0.0	0.0	0.071	-5.63	-94.614	33.72	-416	-32	-207	114.38068533	23.20862667	186.87	18.76	0.67719	-0.03564	-0.03378	-0.73413
 None	0.1011	0.001	1.0244	0.0	0.0	0.0	0.071	-5.63	-94.614	33.72	-416	-32	-207	114.38068533	23.20862667	186.87	18.76	0.67725	-0.03564	-0.03378	-0.7341
 None	0.1006	0.0015	1.0249	0.0	0.0	0.0	0.071	-5.63	-94.609	33.64	-414	-33	-207	114.38068533	23.20862667	186.87	18.76	0.67725	-0.03564	-0.03378	-0.7341
 None	0.1006	0.0015	1.0249	0.0	0.0	0.0	0.071	-5.63	-94.609	33.64	-414	-33	-207	114.38068533	23.20862667	186.87	18.76	0.67725	-0.03564	-0.03378	-0.7341
 None	0.1006	0.0015	1.0249	0.0	0.0	0.0	0.071	-5.63	-94.609	33.64	-414	-33	-207	114.38068533	23.20862667	186.87	18.76	0.67725	-0.03564	-0.03378	-0.7341
 None	0.1006	0.0015	1.0249	0.0	0.0	0.0	0.071	-5.63	-94.609	33.64	-414	-33	-207	114.38068533	23.20862667	186.87	18.76	0.67725	-0.03564	-0.03378	-0.73407
 None	0.1006	0.0015	1.0254	0.0	0.0	0.0	0.071	-5.63	-94.614	33.68	-414	-31	-210	114.38068533	23.20862667	186.87	18.76	0.67725	-0.03564	-0.03378	-0.73407
 None	0.1006	0.0015	1.0254	0.0	0.0	0.0	0.071	-5.63	-94.614	33.68	-414	-31	-210	114.38068533	23.20862667	186.87	18.76	0.67725	-0.03564	-0.03378	-0.73407
 None	0.1006	0.0015	1.0254	0.0	0.0	0.0	0.071	-5.63	-94.614	33.68	-414	-31	-210	114.38068533	23.20862667	186.87	18.76	0.67725	-0.03564	-0.03378	-0.73407
 None	0.1006	0.0015	1.0254	0.0	0.0	0.0	0.071	-5.63	-94.614	33.68	-414	-31	-210	114.38068533	23.20862667	186.87	18.76	0.67725	-0.03564	-0.03378	-0.7341
 None	0.1016	0.0015	1.0254	0.0	0.0	0.0	0.071	-5.63	-94.609	33.73	-415	-32	-209	114.38068533	23.20862667	186.87	18.76	0.67725	-0.03564	-0.03378	-0.7341
 None	0.1016	0.0015	1.0254	0.0	0.0	0.0	0.071	-5.63	-94.609	33.73	-415	-32	-209	114.38068533	23.20862667	186.87	18.76	0.67725	-0.03564	-0.03378	-0.7341
 None	0.1016	0.0015	1.0254	0.0	0.0	0.0	0.071	-5.63	-94.609	33.73	-415	-32	-209	114.38068533	23.20862667	186.87	18.76	0.67725	-0.03564	-0.03378	-0.7341
 None	0.1016	0.0015	1.0254	0.0	0.0	0.0	0.071	-5.63	-94.609	33.73	-415	-32	-209	114.38068533	23.20862667	186.87	18.76	0.67728	-0.03564	-0.03378	-0.73407
 None	0.1011	0.0015	1.0249	0.0	0.0	0.0	0.071	-5.63	-94.614	33.67	-417	-32	-208	114.38068533	23.20862667	186.87	18.76	0.67728	-0.03564	-0.03378	-0.73407
 None	0.1011	0.0015	1.0249	0.0	0.0	0.0	0.071	-5.63	-94.614	33.67	-417	-32	-208	114.38068533	23.20862667	186.87	18.76	0.67728	-0.03564	-0.03378	-0.73407
 None	0.1011	0.0015	1.0249	0.0	0.0	0.0	0.071	-5.63	-94.614	33.67	-417	-32	-208	114.38068533	23.20862667	186.87	18.76	0.67728	-0.03564	-0.03378	-0.73407
 None	0.1011	0.0015	1.0249	0.0	0.0	0.0	0.071	-5.63	-94.614	33.67	-417	-32	-208	114.38068533	23.20862667	186.87	18.76	0.67725	-0.03564	-0.03378	-0.73407
 None	0.1006	0.0015	1.0254	0.0	0.0	0.0	0.077	-5.63	-94.62	33.69	-418	-33	-209	114.38068533	23.20862667	186.87	18.76	0.67725	-0.03564	-0.03378	-0.73407
 None	0.1006	0.0015	1.0254	0.0	0.0	0.0	0.077	-5.63	-94.62	33.69	-418	-33	-209	114.38068533	23.20862667	186.87	18.76	0.67725	-0.03564	-0.03378	-0.73407
 None	0.1006	0.0015	1.0254	0.0	0.0	0.0	0.077	-5.63	-94.62	33.69	-418	-33	-209	114.38068533	23.20862667	186.87	18.76	0.67725	-0.03564	-0.03378	-0.73407
 None	0.1006	0.0015	1.0254	0.0	0.0	0.0	0.077	-5.63	-94.62	33.69	-418	-33	-209	114.38068533	23.20862667	186.87	18.76	0.67722	-0.03564	-0.03378	-0.7341
 None	0.1006	0.0015	1.0254	0.0	0.0	0.0	0.077	-5.625	-94.631	33.64	-413	-34	-211	114.38068533	23.20862667	186.87	18.76	0.67722	-0.03564	-0.03378	-0.7341
 None	0.1006	0.0015	1.0254	0.0	0.0	0.0	0.077	-5.625	-94.631	33.64	-413	-34	-211	114.38068533	23.20862667	186.87	18.76	0.67722	-0.03564	-0.03378	-0.7341
 None	0.1006	0.0015	1.0254	0.0	0.0	0.0	0.077	-5.625	-94.631	33.64	-413	-34	-211	114.38068533	23.20862667	186.87	18.76	0.67722	-0.03564	-0.03378	-0.7341
 None	0.1006	0.0015	1.0254	0.0	0.0	0.0	0.077	-5.625	-94.631	33.64	-413	-34	-211	114.38068533	23.20862667	186.87	18.76	0.67715	-0.03561	-0.03378	-0.73416
 None	0.1016	0.0015	1.0254	0.0	0.0	0.0	0.077	-5.625	-94.647	33.68	-417	-34	-210	114.38068533	23.20862667	186.87	18.76	0.67715	-0.03561	-0.03378	-0.73416
 None	0.1016	0.0015	1.0254	0.0	0.0	0.0	0.077	-5.625	-94.647	33.68	-417	-34	-210	114.38067467	23.20854933	186.87	18.76	0.67715	-0.03561	-0.03378	-0.73416
 None	0.1016	0.0015	1.0254	0.0	0.0	0.0	0.077	-5.625	-94.647	33.68	-417	-34	-210	114.38067467	23.20854933	186.99	20.538	0.67715	-0.03561	-0.03378	-0.73416
 None	0.1016	0.0015	1.0254	0.0	0.0	0.0	0.077	-5.625	-94.647	33.68	-417	-34	-210	114.38067467	23.20854933	186.99	20.538	0.67703	-0.03564	-0.03378	-0.73428
 None	0.1016	0.0015	1.0254	0.0	0.0	0.0	0.077	-5.63	-94.636	33.73	-416	-32	-211	114.38067467	23.20854933	186.99	20.538	0.67703	-0.03564	-0.03378	-0.73428
 None	0.1016	0.0015	1.0254	0.0	0.0	0.0	0.077	-5.63	-94.636	33.73	-416	-32	-211	114.38067467	23.20854933	186.99	20.538	0.67703	-0.03564	-0.03378	-0.73428
 None	0.1016	0.0015	1.0254	0.0	0.0	0.0	0.077	-5.63	-94.636	33.73	-416	-32	-211	114.38067467	23.20854933	186.99	20.538	0.67703	-0.03564	-0.03378	-0.73428
 None	0.1016	0.0015	1.0254	0.0	0.0	0.0	0.077	-5.63	-94.636	33.73	-416	-32	-211	114.38067467	23.20854933	186.99	20.538	0.67709	-0.03564	-0.03378	-0.73422
 None	0.1016	0.0015	1.0244	0.0	0.0	0.0	0.077	-5.63	-94.636	33.66	-417	-31	-208	114.38067467	23.20854933	186.99	20.538	0.67709	-0.03564	-0.03378	-0.73422
 None	0.1016	0.0015	1.0244	0.0	0.0	0.0	0.077	-5.63	-94.636	33.66	-417	-31	-208	114.38067467	23.20854933	186.99	20.538	0.67709	-0.03564	-0.03378	-0.73422
 None	0.1016	0.0015	1.0244	0.0	0.0	0.0	0.077	-5.63	-94.636	33.66	-417	-31	-208	114.38067467	23.20854933	186.99	20.538	0.67709	-0.03564	-0.03378	-0.73422
 None	0.1016	0.0015	1.0244	0.0	0.0	0.0	0.077	-5.63	-94.636	33.66	-417	-31	-208	114.38067467	23.20854933	186.99	20.538	0.67709	-0.03564	-0.03381	-0.73422
 None	0.1016	0.001	1.0254	0.0	0.0	0.0	0.077	-5.63	-94.636	33.69	-416	-32	-208	114.38067467	23.20854933	186.99	20.538	0.67709	-0.03564	-0.03381	-0.73422
 None	0.1016	0.001	1.0254	0.0	0.0	0.0	0.077	-5.63	-94.636	33.69	-416	-32	-208	114.38067467	23.20854933	186.99	20.538	0.67709	-0.03564	-0.03381	-0.73422
 None	0.1016	0.001	1.0254	0.0	0.0	0.0	0.077	-5.63	-94.636	33.69	-416	-32	-208	114.38067467	23.20854933	186.99	20.538	0.67709	-0.03564	-0.03381	-0.73422
 None	0.1016	0.001	1.0254	0.0	0.0	0.0	0.077	-5.63	-94.636	33.69	-416	-32	-208	114.38067467	23.20854933	186.99	20.538	0.67709	-0.03564	-0.03381	-0.73422
 None	0.1016	0.001	1.0259	0.0	0.0	0.0	0.077	-5.636	-94.642	33.67	-416	-32	-211	114.38067467	23.20854933	186.99	20.538	0.67709	-0.03564	-0.03381	-0.73422
 None	0.1016	0.001	1.0259	0.0	0.0	0.0	0.077	-5.636	-94.642	33.67	-416	-32	-211	114.38067467	23.20854933	186.99	20.538	0.67709	-0.03564	-0.03381	-0.73422
 None	0.1016	0.001	1.0259	0.0	0.0	0.0	0.077	-5.636	-94.642	33.67	-416	-32	-211	114.38067467	23.20854933	186.99	20.538	0.67709	-0.03564	-0.03381	-0.73422
 None	0.1016	0.001	1.0259	0.0	0.0	0.0	0.077	-5.636	-94.642	33.67	-416	-32	-211	114.38067467	23.20854933	186.99	20.538	0.67706	-0.03568	-0.03381	-0.73425
 None	0.1016	0.001	1.0259	0.0	0.0	0.0	0.077	-5.636	-94.647	33.7	-416	-34	-209	114.38067467	23.20854933	186.99	20.538	0.67706	-0.03568	-0.03381	-0.73425
 None	0.1016	0.001	1.0259	0.0	0.0	0.0	0.077	-5.636	-94.647	33.7	-416	-34	-209	114.38067467	23.20854933	186.99	20.538	0.67706	-0.03568	-0.03381	-0.73425
 None	0.1016	0.001	1.0259	0.0	0.0	0.0	0.077	-5.636	-94.647	33.7	-416	-34	-209	114.38067467	23.20854933	186.99	20.538	0.67706	-0.03568	-0.03381	-0.73425
 None	0.1016	0.001	1.0259	0.0	0.0	0.0	0.077	-5.636	-94.647	33.7	-416	-34	-209	114.38067467	23.20854933	186.99	20.538	0.67703	-0.03568	-0.03381	-0.73425
 None	0.1016	0.0015	1.0249	0.0	0.0	0.0	0.071	-5.636	-94.664	33.68	-415	-34	-211	114.38067467	23.20854933	186.99	20.538	0.67703	-0.03568	-0.03381	-0.73425
 None	0.1016	0.0015	1.0249	0.0	0.0	0.0	0.071	-5.636	-94.664	33.68	-415	-34	-211	114.38067467	23.20854933	186.99	20.538	0.67703	-0.03568	-0.03381	-0.73425
 None	0.1016	0.0015	1.0249	0.0	0.0	0.0	0.071	-5.636	-94.664	33.68	-415	-34	-211	114.38067467	23.20854933	186.99	20.538	0.67703	-0.03568	-0.03381	-0.73425
 None	0.1016	0.0015	1.0249	0.0	0.0	0.0	0.071	-5.636	-94.664	33.68	-415	-34	-211	114.38067467	23.20854933	186.99	20.538	0.67691	-0.03571	-0.03381	-0.73438
 None	0.1011	0.0015	1.0244	0.0	0.0	0.0	0.077	-5.636	-94.675	33.66	-415	-33	-206	114.38067467	23.20854933	186.99	20.538	0.67691	-0.03571	-0.03381	-0.73438
 None	0.1011	0.0015	1.0244	0.0	0.0	0.0	0.077	-5.636	-94.675	33.66	-415	-33	-206	114.38067467	23.20854933	186.99	20.538	0.67691	-0.03571	-0.03381	-0.73438
 None	0.1011	0.0015	1.0244	0.0	0.0	0.0	0.077	-5.636	-94.675	33.66	-415	-33	-206	114.38067467	23.20854933	186.99	20.538	0.67691	-0.03571	-0.03381	-0.73438
 None	0.1011	0.0015	1.0244	0.0	0.0	0.0	0.077	-5.636	-94.675	33.66	-415	-33	-206	114.38067467	23.20854933	186.99	20.538	0.67685	-0.03571	-0.03381	-0.73444
 None	0.1011	0.0015	1.0249	0.0	0.0	0.0	0.077	-5.636	-94.664	33.69	-415	-32	-210	114.38067467	23.20854933	186.99	20.538	0.67685	-0.03571	-0.03381	-0.73444
 None	0.1011	0.0015	1.0249	0.0	0.0	0.0	0.077	-5.636	-94.664	33.69	-415	-32	-210	114.38067467	23.20854933	186.99	20.538	0.67685	-0.03571	-0.03381	-0.73444
 None	0.1011	0.0015	1.0249	0.0	0.0	0.0	0.077	-5.636	-94.664	33.69	-415	-32	-210	114.38067467	23.20854933	186.99	20.538	0.67685	-0.03571	-0.03381	-0.73444
 None	0.1011	0.0015	1.0249	0.0	0.0	0.0	0.077	-5.636	-94.664	33.69	-415	-32	-210	114.38067467	23.20854933	186.99	20.538	0.67691	-0.03571	-0.03381	-0.73438
 None	0.1016	0.002	1.0249	0.0	0.0	0.0	0.077	-5.636	-94.664	33.69	-416	-32	-211	114.38067467	23.20854933	186.99	20.538	0.67691	-0.03571	-0.03381	-0.73438
 None	0.1016	0.002	1.0249	0.0	0.0	0.0	0.077	-5.636	-94.664	33.69	-416	-32	-211	114.38067467	23.20854933	186.99	20.538	0.67691	-0.03571	-0.03381	-0.73438
 None	0.1016	0.002	1.0249	0.0	0.0	0.0	0.077	-5.636	-94.664	33.69	-416	-32	-211	114.38067467	23.20854933	186.99	20.538	0.67691	-0.03571	-0.03381	-0.73438
 None	0.1016	0.002	1.0249	0.0	0.0	0.0	0.077	-5.636	-94.664	33.69	-416	-32	-211	114.38067467	23.20854933	186.99	20.538	0.67694	-0.03571	-0.03381	-0.73438
 None	0.1021	0.0015	1.0249	0.0	0.0	0.0	0.077	-5.641	-94.647	33.65	-417	-29	-209	114.38067467	23.20854933	186.99	20.538	0.67694	-0.03571	-0.03381	-0.73438
 None	0.1021	0.0015	1.0249	0.0	0.0	0.0	0.077	-5.641	-94.647	33.65	-417	-29	-209	114.38066667	23.208472	186.99	20.538	0.67694	-0.03571	-0.03381	-0.73438
 None	0.1021	0.0015	1.0249	0.0	0.0	0.0	0.077	-5.641	-94.647	33.65	-417	-29	-209	114.38066667	23.208472	187.03	19.52	0.67694	-0.03571	-0.03381	-0.73438
 None	0.1021	0.0015	1.0249	0.0	0.0	0.0	0.077	-5.641	-94.647	33.65	-417	-29	-209	114.38066667	23.208472	187.03	19.52	0.67703	-0.03571	-0.03384	-0.73428
 None	0.1021	0.002	1.0244	0.0	0.0	0.0	0.077	-5.641	-94.631	33.68	-416	-33	-209	114.38066667	23.208472	187.03	19.52	0.67703	-0.03571	-0.03384	-0.73428
 None	0.1021	0.002	1.0244	0.0	0.0	0.0	0.077	-5.641	-94.631	33.68	-416	-33	-209	114.38066667	23.208472	187.03	19.52	0.67703	-0.03571	-0.03384	-0.73428
 None	0.1021	0.002	1.0244	0.0	0.0	0.0	0.077	-5.641	-94.631	33.68	-416	-33	-209	114.38066667	23.208472	187.03	19.52	0.67703	-0.03571	-0.03384	-0.73428
 None	0.1021	0.002	1.0244	0.0	0.0	0.0	0.077	-5.641	-94.631	33.68	-416	-33	-209	114.38066667	23.208472	187.03	19.52	0.67712	-0.03571	-0.03387	-0.73419
 None	0.1011	0.0015	1.0244	0.0	0.0	0.0	0.077	-5.641	-94.636	33.65	-417	-33	-211	114.38066667	23.208472	187.03	19.52	0.67712	-0.03571	-0.03387	-0.73419
 None	0.1011	0.0015	1.0244	0.0	0.0	0.0	0.077	-5.641	-94.636	33.65	-417	-33	-211	114.38066667	23.208472	187.03	19.52	0.67712	-0.03571	-0.03387	-0.73419
 None	0.1011	0.0015	1.0244	0.0	0.0	0.0	0.077	-5.641	-94.636	33.65	-417	-33	-211	114.38066667	23.208472	187.03	19.52	0.67712	-0.03571	-0.03387	-0.73419
 None	0.1011	0.0015	1.0244	0.0	0.0	0.0	0.077	-5.641	-94.636	33.65	-417	-33	-211	114.38066667	23.208472	187.03	19.52	0.67709	-0.03571	-0.03387	-0.73422
 None	0.1011	0.0015	1.0249	0.0	0.0	0.0	0.077	-5.641	-94.642	33.69	-416	-32	-208	114.38066667	23.208472	187.03	19.52	0.67709	-0.03571	-0.03387	-0.73422
 None	0.1011	0.0015	1.0249	0.0	0.0	0.0	0.077	-5.641	-94.642	33.69	-416	-32	-208	114.38066667	23.208472	187.03	19.52	0.67709	-0.03571	-0.03387	-0.73422
 None	0.1011	0.0015	1.0249	0.0	0.0	0.0	0.077	-5.641	-94.642	33.69	-416	-32	-208	114.38066667	23.208472	187.03	19.52	0.67709	-0.03571	-0.03387	-0.73422
 None	0.1011	0.0015	1.0249	0.0	0.0	0.0	0.077	-5.641	-94.642	33.69	-416	-32	-208	114.38066667	23.208472	187.03	19.52	0.67706	-0.03571	-0.03387	-0.73422
 None	0.1016	0.0015	1.0249	0.0	0.0	0.0	0.077	-5.641	-94.647	33.78	-419	-32	-211	114.38066667	23.208472	187.03	19.52	0.67706	-0.03571	-0.03387	-0.73422
 None	0.1016	0.0015	1.0249	0.0	0.0	0.0	0.077	-5.641	-94.647	33.78	-419	-32	-211	114.38066667	23.208472	187.03	19.52	0.67706	-0.03571	-0.03387	-0.73422
 None	0.1016	0.0015	1.0249	0.0	0.0	0.0	0.077	-5.641	-94.647	33.78	-419	-32	-211	114.38066667	23.208472	187.03	19.52	0.67706	-0.03571	-0.03387	-0.73422
 None	0.1016	0.0015	1.0249	0.0	0.0	0.0	0.077	-5.641	-94.647	33.78	-419	-32	-211	114.38066667	23.208472	187.03	19.52	0.67703	-0.03571	-0.03387	-0.73428
 None	0.1016	0.002	1.0249	0.0	0.0	0.0	0.077	-5.641	-94.642	33.67	-418	-32	-210	114.38066667	23.208472	187.03	19.52	0.67703	-0.03571	-0.03387	-0.73428
 None	0.1016	0.002	1.0249	0.0	0.0	0.0	0.077	-5.641	-94.642	33.67	-418	-32	-210	114.38066667	23.208472	187.03	19.52	0.67703	-0.03571	-0.03387	-0.73428
 None	0.1016	0.002	1.0249	0.0	0.0	0.0	0.077	-5.641	-94.642	33.67	-418	-32	-210	114.38066667	23.208472	187.03	19.52	0.67703	-0.03571	-0.03387	-0.73428
 None	0.1016	0.002	1.0249	0.0	0.0	0.0	0.077	-5.641	-94.642	33.67	-418	-32	-210	114.38066667	23.208472	187.03	19.52	0.67703	-0.03571	-0.03391	-0.73425
 None	0.1016	0.002	1.0249	0.0	0.0	0.0	0.082	-5.647	-94.631	33.71	-421	-34	-212	114.38066667	23.208472	187.03	19.52	0.67703	-0.03571	-0.03391	-0.73425
 None	0.1016	0.002	1.0249	0.0	0.0	0.0	0.082	-5.647	-94.631	33.71	-421	-34	-212	114.38066667	23.208472	187.03	19.52	0.67703	-0.03571	-0.03391	-0.73425
 None	0.1016	0.002	1.0249	0.0	0.0	0.0	0.082	-5.647	-94.631	33.71	-421	-34	-212	114.38066667	23.208472	187.03	19.52	0.67703	-0.03571	-0.03391	-0.73425
 None	0.1016	0.002	1.0249	0.0	0.0	0.0	0.082	-5.647	-94.631	33.71	-421	-34	-212	114.38066667	23.208472	187.03	19.52	0.67712	-0.03571	-0.03391	-0.73419
 None	0.1016	0.0015	1.0249	0.0	0.0	0.0	0.082	-5.647	-94.642	33.69	-416	-33	-209	114.38066667	23.208472	187.03	19.52	0.67712	-0.03571	-0.03391	-0.73419
 None	0.1016	0.0015	1.0249	0.0	0.0	0.0	0.082	-5.647	-94.642	33.69	-416	-33	-209	114.38066667	23.208472	187.03	19.52	0.67712	-0.03571	-0.03391	-0.73419
 None	0.1016	0.0015	1.0249	0.0	0.0	0.0	0.082	-5.647	-94.642	33.69	-416	-33	-209	114.38066667	23.208472	187.03	19.52	0.67712	-0.03571	-0.03391	-0.73419
 None	0.1016	0.0015	1.0249	0.0	0.0	0.0	0.082	-5.647	-94.642	33.69	-416	-33	-209	114.38066667	23.208472	187.03	19.52	0.67706	-0.03571	-0.03391	-0.73425
 None	0.1011	0.0015	1.0249	0.0	0.0	0.0	0.082	-5.641	-94.636	33.67	-415	-32	-207	114.38066667	23.208472	187.03	19.52	0.67706	-0.03571	-0.03391	-0.73425
 None	0.1011	0.0015	1.0249	0.0	0.0	0.0	0.082	-5.641	-94.636	33.67	-415	-32	-207	114.38066667	23.208472	187.03	19.52	0.67706	-0.03571	-0.03391	-0.73425
 None	0.1011	0.0015	1.0249	0.0	0.0	0.0	0.082	-5.641	-94.636	33.67	-415	-32	-207	114.38066667	23.208472	187.03	19.52	0.67706	-0.03571	-0.03391	-0.73425
 None	0.1011	0.0015	1.0249	0.0	0.0	0.0	0.082	-5.641	-94.636	33.67	-415	-32	-207	114.38066667	23.208472	187.03	19.52	0.67709	-0.03571	-0.03391	-0.73422
 None	0.1011	0.0015	1.0254	0.0	0.0	0.0	0.082	-5.641	-94.62	33.69	-416	-28	-208	114.38066667	23.208472	187.03	19.52	0.67709	-0.03571	-0.03391	-0.73422
 None	0.1011	0.0015	1.0254	0.0	0.0	0.0	0.082	-5.641	-94.62	33.69	-416	-28	-208	114.38066667	23.208472	187.03	19.52	0.67709	-0.03571	-0.03391	-0.73422
 None	0.1011	0.0015	1.0254	0.0	0.0	0.0	0.082	-5.641	-94.62	33.69	-416	-28	-208	114.38066667	23.208472	187.03	19.52	0.67709	-0.03571	-0.03391	-0.73422
 None	0.1011	0.0015	1.0254	0.0	0.0	0.0	0.082	-5.641	-94.62	33.69	-416	-28	-208	114.38066667	23.208472	187.03	19.52	0.67719	-0.03568	-0.03394	-0.73413
 None	0.1016	0.002	1.0254	0.0	0.0	0.0	0.082	-5.641	-94.614	33.69	-415	-33	-210	114.38066667	23.208472	187.03	19.52	0.67719	-0.03568	-0.03394	-0.73413
 None	0.1016	0.002	1.0254	0.0	0.0	0.0	0.082	-5.641	-94.614	33.69	-415	-33	-210	114.38066933	23.20840533	187.03	19.52	0.67719	-0.03568	-0.03394	-0.73413
 None	0.1016	0.002	1.0254	0.0	0.0	0.0	0.082	-5.641	-94.614	33.69	-415	-33	-210	114.38066933	23.20840533	187.16	20.242	0.67719	-0.03568	-0.03394	-0.73413
 None	0.1016	0.002	1.0254	0.0	0.0	0.0	0.082	-5.641	-94.614	33.69	-415	-33	-210	114.38066933	23.20840533	187.16	20.242	0.67725	-0.03568	-0.03394	-0.73407
 None	0.1016	0.002	1.0249	0.0	0.0	0.0	0.088	-5.647	-94.603	33.71	-415	-30	-206	114.38066933	23.20840533	187.16	20.242	0.67725	-0.03568	-0.03394	-0.73407
 None	0.1016	0.002	1.0249	0.0	0.0	0.0	0.088	-5.647	-94.603	33.71	-415	-30	-206	114.38066933	23.20840533	187.16	20.242	0.67725	-0.03568	-0.03394	-0.73407
 None	0.1016	0.002	1.0249	0.0	0.0	0.0	0.088	-5.647	-94.603	33.71	-415	-30	-206	114.38066933	23.20840533	187.16	20.242	0.67725	-0.03568	-0.03394	-0.73407
 None	0.1016	0.002	1.0249	0.0	0.0	0.0	0.088	-5.647	-94.603	33.71	-415	-30	-206	114.38066933	23.20840533	187.16	20.242	0.67731	-0.03568	-0.03397	-0.73401
 None	0.1011	0.0015	1.0244	0.0	0.0	0.0	0.088	-5.647	-94.587	33.7	-414	-31	-209	114.38066933	23.20840533	187.16	20.242	0.67731	-0.03568	-0.03397	-0.73401
 None	0.1011	0.0015	1.0244	0.0	0.0	0.0	0.088	-5.647	-94.587	33.7	-414	-31	-209	114.38066933	23.20840533	187.16	20.242	0.67731	-0.03568	-0.03397	-0.73401
 None	0.1011	0.0015	1.0244	0.0	0.0	0.0	0.088	-5.647	-94.587	33.7	-414	-31	-209	114.38066933	23.20840533	187.16	20.242	0.67731	-0.03568	-0.03397	-0.73401
 None	0.1011	0.0015	1.0244	0.0	0.0	0.0	0.088	-5.647	-94.587	33.7	-414	-31	-209	114.38066933	23.20840533	187.16	20.242	0.6774	-0.03568	-0.03397	-0.73395
 None	0.1011	0.0015	1.0254	0.0	0.0	0.0	0.088	-5.647	-94.576	33.69	-414	-30	-210	114.38066933	23.20840533	187.16	20.242	0.6774	-0.03568	-0.03397	-0.73395
 None	0.1011	0.0015	1.0254	0.0	0.0	0.0	0.088	-5.647	-94.576	33.69	-414	-30	-210	114.38066933	23.20840533	187.16	20.242	0.6774	-0.03568	-0.03397	-0.73395
 None	0.1011	0.0015	1.0254	0.0	0.0	0.0	0.088	-5.647	-94.576	33.69	-414	-30	-210	114.38066933	23.20840533	187.16	20.242	0.6774	-0.03568	-0.03397	-0.73395
 None	0.1011	0.0015	1.0254	0.0	0.0	0.0	0.088	-5.647	-94.576	33.69	-414	-30	-210	114.38066933	23.20840533	187.16	20.242	0.67749	-0.03564	-0.03397	-0.73386
 None	0.1011	0.001	1.0259	0.0	0.0	0.0	0.088	-5.641	-94.576	33.76	-416	-31	-210	114.38066933	23.20840533	187.16	20.242	0.67749	-0.03564	-0.03397	-0.73386
 None	0.1011	0.001	1.0259	0.0	0.0	0.0	0.088	-5.641	-94.576	33.76	-416	-31	-210	114.38066933	23.20840533	187.16	20.242	0.67749	-0.03564	-0.03397	-0.73386
 None	0.1011	0.001	1.0259	0.0	0.0	0.0	0.088	-5.641	-94.576	33.76	-416	-31	-210	114.38066933	23.20840533	187.16	20.242	0.67749	-0.03564	-0.03397	-0.73386
 None	0.1011	0.001	1.0259	0.0	0.0	0.0	0.088	-5.641	-94.576	33.76	-416	-31	-210	114.38066933	23.20840533	187.16	20.242	0.67749	-0.03564	-0.03397	-0.73386
 None	0.1011	0.001	1.0254	0.0	0.0	0.0	0.082	-5.641	-94.57	33.74	-414	-34	-206	114.38066933	23.20840533	187.16	20.242	0.67749	-0.03564	-0.03397	-0.73386
 None	0.1011	0.001	1.0254	0.0	0.0	0.0	0.082	-5.641	-94.57	33.74	-414	-34	-206	114.38066933	23.20840533	187.16	20.242	0.67749	-0.03564	-0.03397	-0.73386
 None	0.1011	0.001	1.0254	0.0	0.0	0.0	0.082	-5.641	-94.57	33.74	-414	-34	-206	114.38066933	23.20840533	187.16	20.242	0.67749	-0.03564	-0.03397	-0.73386
 None	0.1011	0.001	1.0254	0.0	0.0	0.0	0.082	-5.641	-94.57	33.74	-414	-34	-206	114.38066933	23.20840533	187.16	20.242	0.67752	-0.03564	-0.03394	-0.73383
 None	0.1011	0.0015	1.0244	0.0	0.0	0.0	0.082	-5.641	-94.581	33.69	-415	-29	-207	114.38066933	23.20840533	187.16	20.242	0.67752	-0.03564	-0.03394	-0.73383
 None	0.1011	0.0015	1.0244	0.0	0.0	0.0	0.082	-5.641	-94.581	33.69	-415	-29	-207	114.38066933	23.20840533	187.16	20.242	0.67752	-0.03564	-0.03394	-0.73383
 None	0.1011	0.0015	1.0244	0.0	0.0	0.0	0.082	-5.641	-94.581	33.69	-415	-29	-207	114.38066933	23.20840533	187.16	20.242	0.67752	-0.03564	-0.03394	-0.73383
 None	0.1011	0.0015	1.0244	0.0	0.0	0.0	0.082	-5.641	-94.581	33.69	-415	-29	-207	114.38066933	23.20840533	187.16	20.242	0.67746	-0.03568	-0.03394	-0.73389
 None	0.1016	0.002	1.0244	0.0	0.0	0.0	0.082	-5.641	-94.576	33.74	-417	-31	-209	114.38066933	23.20840533	187.16	20.242	0.67746	-0.03568	-0.03394	-0.73389
 None	0.1016	0.002	1.0244	0.0	0.0	0.0	0.082	-5.641	-94.576	33.74	-417	-31	-209	114.38066933	23.20840533	187.16	20.242	0.67746	-0.03568	-0.03394	-0.73389
 None	0.1016	0.002	1.0244	0.0	0.0	0.0	0.082	-5.641	-94.576	33.74	-417	-31	-209	114.38066933	23.20840533	187.16	20.242	0.67746	-0.03568	-0.03394	-0.73389
 None	0.1016	0.002	1.0244	0.0	0.0	0.0	0.082	-5.641	-94.576	33.74	-417	-31	-209	114.38066933	23.20840533	187.16	20.242	0.67746	-0.03564	-0.03394	-0.73386
 None	0.1011	0.002	1.0249	0.0	0.0	0.0	0.082	-5.641	-94.565	33.72	-416	-31	-210	114.38066933	23.20840533	187.16	20.242	0.67746	-0.03564	-0.03394	-0.73386
 None	0.1011	0.002	1.0249	0.0	0.0	0.0	0.082	-5.641	-94.565	33.72	-416	-31	-210	114.38066933	23.20840533	187.16	20.242	0.67746	-0.03564	-0.03394	-0.73386
 None	0.1011	0.002	1.0249	0.0	0.0	0.0	0.082	-5.641	-94.565	33.72	-416	-31	-210	114.38066933	23.20840533	187.16	20.242	0.67746	-0.03564	-0.03394	-0.73386
 None	0.1011	0.002	1.0249	0.0	0.0	0.0	0.082	-5.641	-94.565	33.72	-416	-31	-210	114.38066933	23.20840533	187.16	20.242	0.67755	-0.03564	-0.03394	-0.7338
 None	0.1011	0.002	1.0254	0.0	0.0	0.0	0.088	-5.641	-94.576	33.73	-417	-34	-211	114.38066933	23.20840533	187.16	20.242	0.67755	-0.03564	-0.03394	-0.7338
 None	0.1011	0.002	1.0254	0.0	0.0	0.0	0.088	-5.641	-94.576	33.73	-417	-34	-211	114.38066933	23.20840533	187.16	20.242	0.67755	-0.03564	-0.03394	-0.7338
 None	0.1011	0.002	1.0254	0.0	0.0	0.0	0.088	-5.641	-94.576	33.73	-417	-34	-211	114.38066933	23.20840533	187.16	20.242	0.67755	-0.03564	-0.03394	-0.7338
 None	0.1011	0.002	1.0254	0.0	0.0	0.0	0.088	-5.641	-94.576	33.73	-417	-34	-211	114.38066933	23.20840533	187.16	20.242	0.67749	-0.03561	-0.03397	-0.73386
 None	0.1006	0.002	1.0244	0.0	0.0	0.0	0.088	-5.636	-94.576	33.65	-414	-32	-210	114.38066933	23.20840533	187.16	20.242	0.67749	-0.03561	-0.03397	-0.73386
 None	0.1006	0.002	1.0244	0.0	0.0	0.0	0.088	-5.636	-94.576	33.65	-414	-32	-210	114.380672	23.20833867	187.16	20.242	0.67749	-0.03561	-0.03397	-0.73386
 None	0.1006	0.002	1.0244	0.0	0.0	0.0	0.088	-5.636	-94.576	33.65	-414	-32	-210	114.380672	23.20833867	187.18	20.242	0.67749	-0.03561	-0.03397	-0.73386
 None	0.1006	0.002	1.0244	0.0	0.0	0.0	0.088	-5.636	-94.576	33.65	-414	-32	-210	114.380672	23.20833867	187.18	20.242	0.67749	-0.03558	-0.03394	-0.73386
 None	0.1011	0.0015	1.0249	0.0	0.0	0.0	0.088	-5.636	-94.587	33.69	-417	-34	-210	114.380672	23.20833867	187.18	20.242	0.67749	-0.03558	-0.03394	-0.73386
 None	0.1011	0.0015	1.0249	0.0	0.0	0.0	0.088	-5.636	-94.587	33.69	-417	-34	-210	114.380672	23.20833867	187.18	20.242	0.67749	-0.03558	-0.03394	-0.73386
 None	0.1011	0.0015	1.0249	0.0	0.0	0.0	0.088	-5.636	-94.587	33.69	-417	-34	-210	114.380672	23.20833867	187.18	20.242	0.67749	-0.03558	-0.03394	-0.73386
 None	0.1011	0.0015	1.0249	0.0	0.0	0.0	0.088	-5.636	-94.587	33.69	-417	-34	-210	114.380672	23.20833867	187.18	20.242	0.67743	-0.03558	-0.03394	-0.73392
 None	0.1011	0.001	1.0254	0.0	0.0	0.0	0.088	-5.636	-94.592	33.73	-415	-33	-209	114.380672	23.20833867	187.18	20.242	0.67743	-0.03558	-0.03394	-0.73392
 None	0.1011	0.001	1.0254	0.0	0.0	0.0	0.088	-5.636	-94.592	33.73	-415	-33	-209	114.380672	23.20833867	187.18	20.242	0.67743	-0.03558	-0.03394	-0.73392
 None	0.1011	0.001	1.0254	0.0	0.0	0.0	0.088	-5.636	-94.592	33.73	-415	-33	-209	114.380672	23.20833867	187.18	20.242	0.67743	-0.03558	-0.03394	-0.73392
 None	0.1011	0.001	1.0254	0.0	0.0	0.0	0.088	-5.636	-94.592	33.73	-415	-33	-209	114.380672	23.20833867	187.18	20.242	0.67737	-0.03558	-0.03394	-0.73398
 None	0.1011	0.002	1.0249	0.0	0.0	0.0	0.088	-5.636	-94.603	33.72	-416	-33	-210	114.380672	23.20833867	187.18	20.242	0.67737	-0.03558	-0.03394	-0.73398
 None	0.1011	0.002	1.0249	0.0	0.0	0.0	0.088	-5.636	-94.603	33.72	-416	-33	-210	114.380672	23.20833867	187.18	20.242	0.67737	-0.03558	-0.03394	-0.73398
 None	0.1011	0.002	1.0249	0.0	0.0	0.0	0.088	-5.636	-94.603	33.72	-416	-33	-210	114.380672	23.20833867	187.18	20.242	0.67737	-0.03558	-0.03394	-0.73398
 None	0.1011	0.002	1.0249	0.0	0.0	0.0	0.088	-5.636	-94.603	33.72	-416	-33	-210	114.380672	23.20833867	187.18	20.242	0.67731	-0.03558	-0.03394	-0.73404
 None	0.1006	0.002	1.0249	0.0	0.0	0.0	0.088	-5.636	-94.609	33.74	-417	-33	-208	114.380672	23.20833867	187.18	20.242	0.67731	-0.03558	-0.03394	-0.73404
 None	0.1006	0.002	1.0249	0.0	0.0	0.0	0.088	-5.636	-94.609	33.74	-417	-33	-208	114.380672	23.20833867	187.18	20.242	0.67731	-0.03558	-0.03394	-0.73404
 None	0.1006	0.002	1.0249	0.0	0.0	0.0	0.088	-5.636	-94.609	33.74	-417	-33	-208	114.380672	23.20833867	187.18	20.242	0.67731	-0.03558	-0.03394	-0.73404
 None	0.1006	0.002	1.0249	0.0	0.0	0.0	0.088	-5.636	-94.609	33.74	-417	-33	-208	114.380672	23.20833867	187.18	20.242	0.67728	-0.03558	-0.03391	-0.73407
 None	0.1011	0.002	1.0254	0.0	0.0	0.0	0.088	-5.636	-94.603	33.75	-418	-31	-207	114.380672	23.20833867	187.18	20.242	0.67728	-0.03558	-0.03391	-0.73407
 None	0.1011	0.002	1.0254	0.0	0.0	0.0	0.088	-5.636	-94.603	33.75	-418	-31	-207	114.380672	23.20833867	187.18	20.242	0.67728	-0.03558	-0.03391	-0.73407
 None	0.1011	0.002	1.0254	0.0	0.0	0.0	0.088	-5.636	-94.603	33.75	-418	-31	-207	114.380672	23.20833867	187.18	20.242	0.67728	-0.03558	-0.03391	-0.73407
 None	0.1011	0.002	1.0254	0.0	0.0	0.0	0.088	-5.636	-94.603	33.75	-418	-31	-207	114.380672	23.20833867	187.18	20.242	0.67731	-0.03558	-0.03394	-0.73404
 None	0.1016	0.002	1.0254	0.0	0.0	0.0	0.093	-5.636	-94.592	33.68	-415	-31	-209	114.380672	23.20833867	187.18	20.242	0.67731	-0.03558	-0.03394	-0.73404
 None	0.1016	0.002	1.0254	0.0	0.0	0.0	0.093	-5.636	-94.592	33.68	-415	-31	-209	114.380672	23.20833867	187.18	20.242	0.67731	-0.03558	-0.03394	-0.73404
 None	0.1016	0.002	1.0254	0.0	0.0	0.0	0.093	-5.636	-94.592	33.68	-415	-31	-209	114.380672	23.20833867	187.18	20.242	0.67731	-0.03558	-0.03394	-0.73404
 None	0.1016	0.002	1.0254	0.0	0.0	0.0	0.093	-5.636	-94.592	33.68	-415	-31	-209	114.380672	23.20833867	187.18	20.242	0.6774	-0.03555	-0.03394	-0.73395
 None	0.1016	0.0015	1.0254	0.0	0.0	0.0	0.093	-5.636	-94.576	33.76	-417	-31	-207	114.380672	23.20833867	187.18	20.242	0.6774	-0.03555	-0.03394	-0.73395
 None	0.1016	0.0015	1.0254	0.0	0.0	0.0	0.093	-5.636	-94.576	33.76	-417	-31	-207	114.380672	23.20833867	187.18	20.242	0.6774	-0.03555	-0.03394	-0.73395
 None	0.1016	0.0015	1.0254	0.0	0.0	0.0	0.093	-5.636	-94.576	33.76	-417	-31	-207	114.380672	23.20833867	187.18	20.242	0.6774	-0.03555	-0.03394	-0.73395
 None	0.1016	0.0015	1.0254	0.0	0.0	0.0	0.093	-5.636	-94.576	33.76	-417	-31	-207	114.380672	23.20833867	187.18	20.242	0.67752	-0.03555	-0.03397	-0.73383
 None	0.1016	0.0015	1.0254	0.0	0.0	0.0	0.093	-5.636	-94.576	33.62	-417	-32	-210	114.380672	23.20833867	187.18	20.242	0.67752	-0.03555	-0.03397	-0.73383
 None	0.1016	0.0015	1.0254	0.0	0.0	0.0	0.093	-5.636	-94.576	33.62	-417	-32	-210	114.380672	23.20833867	187.18	20.242	0.67752	-0.03555	-0.03397	-0.73383
 None	0.1016	0.0015	1.0254	0.0	0.0	0.0	0.093	-5.636	-94.576	33.62	-417	-32	-210	114.380672	23.20833867	187.18	20.242	0.67752	-0.03555	-0.03397	-0.73383
 None	0.1016	0.0015	1.0254	0.0	0.0	0.0	0.093	-5.636	-94.576	33.62	-417	-32	-210	114.380672	23.20833867	187.18	20.242	0.67749	-0.03558	-0.03397	-0.73386
 None	0.1011	0.0015	1.0254	0.0	0.0	0.0	0.093	-5.636	-94.565	33.68	-416	-31	-209	114.380672	23.20833867	187.18	20.242	0.67749	-0.03558	-0.03397	-0.73386
 None	0.1011	0.0015	1.0254	0.0	0.0	0.0	0.093	-5.636	-94.565	33.68	-416	-31	-209	114.380672	23.20833867	187.18	20.242	0.67749	-0.03558	-0.03397	-0.73386
 None	0.1011	0.0015	1.0254	0.0	0.0	0.0	0.093	-5.636	-94.565	33.68	-416	-31	-209	114.380672	23.20833867	187.18	20.242	0.67749	-0.03558	-0.03397	-0.73386
 None	0.1011	0.0015	1.0254	0.0	0.0	0.0	0.093	-5.636	-94.565	33.68	-416	-31	-209	114.380672	23.20833867	187.18	20.242	0.67755	-0.03558	-0.03397	-0.7338
 None	0.1006	0.002	1.0254	0.0	0.0	0.0	0.093	-5.636	-94.565	33.69	-414	-33	-213	114.380672	23.20833867	187.18	20.242	0.67755	-0.03558	-0.03397	-0.7338
 None	0.1006	0.002	1.0254	0.0	0.0	0.0	0.093	-5.636	-94.565	33.69	-414	-33	-213	114.38067467	23.20827707	187.18	20.242	0.67755	-0.03558	-0.03397	-0.7338
 None	0.1006	0.002	1.0254	0.0	0.0	0.0	0.093	-5.636	-94.565	33.69	-414	-33	-213	114.38067467	23.20827707	187.25	19.834	0.67755	-0.03558	-0.03397	-0.7338
 None	0.1006	0.002	1.0254	0.0	0.0	0.0	0.093	-5.636	-94.565	33.69	-414	-33	-213	114.38067467	23.20827707	187.25	19.834	0.67755	-0.03555	-0.03394	-0.7338
 None	0.1011	0.0015	1.0249	0.0	0.0	0.0	0.093	-5.636	-94.581	33.68	-416	-33	-208	114.38067467	23.20827707	187.25	19.834	0.67755	-0.03555	-0.03394	-0.7338
 None	0.1011	0.0015	1.0249	0.0	0.0	0.0	0.093	-5.636	-94.581	33.68	-416	-33	-208	114.38067467	23.20827707	187.25	19.834	0.67755	-0.03555	-0.03394	-0.7338
 None	0.1011	0.0015	1.0249	0.0	0.0	0.0	0.093	-5.636	-94.581	33.68	-416	-33	-208	114.38067467	23.20827707	187.25	19.834	0.67755	-0.03555	-0.03394	-0.7338
 None	0.1011	0.0015	1.0249	0.0	0.0	0.0	0.093	-5.636	-94.581	33.68	-416	-33	-208	114.38067467	23.20827707	187.25	19.834	0.67746	-0.03555	-0.03394	-0.73389
 None	0.1011	0.0015	1.0254	0.0	0.0	0.0	0.088	-5.636	-94.603	33.7	-415	-32	-210	114.38067467	23.20827707	187.25	19.834	0.67746	-0.03555	-0.03394	-0.73389
 None	0.1011	0.0015	1.0254	0.0	0.0	0.0	0.088	-5.636	-94.603	33.7	-415	-32	-210	114.38067467	23.20827707	187.25	19.834	0.67746	-0.03555	-0.03394	-0.73389
 None	0.1011	0.0015	1.0254	0.0	0.0	0.0	0.088	-5.636	-94.603	33.7	-415	-32	-210	114.38067467	23.20827707	187.25	19.834	0.67746	-0.03555	-0.03394	-0.73389
 None	0.1011	0.0015	1.0254	0.0	0.0	0.0	0.088	-5.636	-94.603	33.7	-415	-32	-210	114.38067467	23.20827707	187.25	19.834	0.67731	-0.03558	-0.03394	-0.73401
 None	0.1011	0.002	1.0249	0.0	0.0	0.0	0.088	-5.63	-94.603	33.71	-418	-31	-211	114.38067467	23.20827707	187.25	19.834	0.67731	-0.03558	-0.03394	-0.73401
 None	0.1011	0.002	1.0249	0.0	0.0	0.0	0.088	-5.63	-94.603	33.71	-418	-31	-211	114.38067467	23.20827707	187.25	19.834	0.67731	-0.03558	-0.03394	-0.73401
 None	0.1011	0.002	1.0249	0.0	0.0	0.0	0.088	-5.63	-94.603	33.71	-418	-31	-211	114.38067467	23.20827707	187.25	19.834	0.67731	-0.03558	-0.03394	-0.73401
 None	0.1011	0.002	1.0249	0.0	0.0	0.0	0.088	-5.63	-94.603	33.71	-418	-31	-211	114.38067467	23.20827707	187.25	19.834	0.67731	-0.03558	-0.03391	-0.73401
 None	0.1011	0.0015	1.0249	0.0	0.0	0.0	0.088	-5.63	-94.592	33.73	-416	-32	-208	114.38067467	23.20827707	187.25	19.834	0.67731	-0.03558	-0.03391	-0.73401
 None	0.1011	0.0015	1.0249	0.0	0.0	0.0	0.088	-5.63	-94.592	33.73	-416	-32	-208	114.38067467	23.20827707	187.25	19.834	0.67731	-0.03558	-0.03391	-0.73401
 None	0.1011	0.0015	1.0249	0.0	0.0	0.0	0.088	-5.63	-94.592	33.73	-416	-32	-208	114.38067467	23.20827707	187.25	19.834	0.67731	-0.03558	-0.03391	-0.73401
 None	0.1011	0.0015	1.0249	0.0	0.0	0.0	0.088	-5.63	-94.592	33.73	-416	-32	-208	114.38067467	23.20827707	187.25	19.834	0.67737	-0.03555	-0.03394	-0.73398
 None	0.1016	0.0015	1.0249	0.0	0.0	0.0	0.093	-5.63	-94.587	33.68	-414	-31	-208	114.38067467	23.20827707	187.25	19.834	0.67737	-0.03555	-0.03394	-0.73398
 None	0.1016	0.0015	1.0249	0.0	0.0	0.0	0.093	-5.63	-94.587	33.68	-414	-31	-208	114.38067467	23.20827707	187.25	19.834	0.67737	-0.03555	-0.03394	-0.73398
 None	0.1016	0.0015	1.0249	0.0	0.0	0.0	0.093	-5.63	-94.587	33.68	-414	-31	-208	114.38067467	23.20827707	187.25	19.834	0.67737	-0.03555	-0.03394	-0.73398
 None	0.1016	0.0015	1.0249	0.0	0.0	0.0	0.093	-5.63	-94.587	33.68	-414	-31	-208	114.38067467	23.20827707	187.25	19.834	0.6774	-0.03555	-0.03394	-0.73395
 None	0.1021	0.0015	1.0249	0.0	0.0	0.0	0.093	-5.636	-94.581	33.64	-416	-35	-206	114.38067467	23.20827707	187.25	19.834	0.6774	-0.03555	-0.03394	-0.73395
 None	0.1021	0.0015	1.0249	0.0	0.0	0.0	0.093	-5.636	-94.581	33.64	-416	-35	-206	114.38067467	23.20827707	187.25	19.834	0.6774	-0.03555	-0.03394	-0.73395
 None	0.1021	0.0015	1.0249	0.0	0.0	0.0	0.093	-5.636	-94.581	33.64	-416	-35	-206	114.38067467	23.20827707	187.25	19.834	0.6774	-0.03555	-0.03394	-0.73395
 None	0.1021	0.0015	1.0249	0.0	0.0	0.0	0.093	-5.636	-94.581	33.64	-416	-35	-206	114.38067467	23.20827707	187.25	19.834	0.67746	-0.03558	-0.03394	-0.73389
 None	0.1021	0.0015	1.0249	0.0	0.0	0.0	0.088	-5.636	-94.598	33.67	-416	-33	-211	114.38067467	23.20827707	187.25	19.834	0.67746	-0.03558	-0.03394	-0.73389
 None	0.1021	0.0015	1.0249	0.0	0.0	0.0	0.088	-5.636	-94.598	33.67	-416	-33	-211	114.38067467	23.20827707	187.25	19.834	0.67746	-0.03558	-0.03394	-0.73389
 None	0.1021	0.0015	1.0249	0.0	0.0	0.0	0.088	-5.636	-94.598	33.67	-416	-33	-211	114.38067467	23.20827707	187.25	19.834	0.67746	-0.03558	-0.03394	-0.73389
 None	0.1021	0.0015	1.0249	0.0	0.0	0.0	0.088	-5.636	-94.598	33.67	-416	-33	-211	114.38067467	23.20827707	187.25	19.834	0.67734	-0.03558	-0.03394	-0.73398
 None	0.1021	0.0015	1.0254	0.0	0.0	0.0	0.088	-5.641	-94.592	33.74	-415	-30	-210	114.38067467	23.20827707	187.25	19.834	0.67734	-0.03558	-0.03394	-0.73398
 None	0.1021	0.0015	1.0254	0.0	0.0	0.0	0.088	-5.641	-94.592	33.74	-415	-30	-210	114.38067467	23.20827707	187.25	19.834	0.67734	-0.03558	-0.03394	-0.73398
 None	0.1021	0.0015	1.0254	0.0	0.0	0.0	0.088	-5.641	-94.592	33.74	-415	-30	-210	114.38067467	23.20827707	187.25	19.834	0.67734	-0.03558	-0.03394	-0.73398
 None	0.1021	0.0015	1.0254	0.0	0.0	0.0	0.088	-5.641	-94.592	33.74	-415	-30	-210	114.38067467	23.20827707	187.25	19.834	0.6774	-0.03561	-0.03397	-0.73395
 None	0.1011	0.001	1.0254	0.0	0.0	0.0	0.088	-5.641	-94.587	33.71	-417	-31	-210	114.38067467	23.20827707	187.25	19.834	0.6774	-0.03561	-0.03397	-0.73395
 None	0.1011	0.001	1.0254	0.0	0.0	0.0	0.088	-5.641	-94.587	33.71	-417	-31	-210	114.38067467	23.20827707	187.25	19.834	0.6774	-0.03561	-0.03397	-0.73395
 None	0.1011	0.001	1.0254	0.0	0.0	0.0	0.088	-5.641	-94.587	33.71	-417	-31	-210	114.38067467	23.20827707	187.25	19.834	0.6774	-0.03561	-0.03397	-0.73395
 None	0.1011	0.001	1.0254	0.0	0.0	0.0	0.088	-5.641	-94.587	33.71	-417	-31	-210	114.38067467	23.20827707	187.25	19.834	0.67743	-0.03561	-0.03397	-0.73392
 None	0.1016	0.001	1.0254	0.0	0.0	0.0	0.088	-5.641	-94.581	33.76	-418	-30	-212	114.38067467	23.20827707	187.25	19.834	0.67743	-0.03561	-0.03397	-0.73392
 None	0.1016	0.001	1.0254	0.0	0.0	0.0	0.088	-5.641	-94.581	33.76	-418	-30	-212	114.38067733	23.20821867	187.25	19.834	0.67743	-0.03561	-0.03397	-0.73392
 None	0.1016	0.001	1.0254	0.0	0.0	0.0	0.088	-5.641	-94.581	33.76	-418	-30	-212	114.38067733	23.20821867	187.15	18.983	0.67743	-0.03561	-0.03397	-0.73392
 None	0.1016	0.001	1.0254	0.0	0.0	0.0	0.088	-5.641	-94.581	33.76	-418	-30	-212	114.38067733	23.20821867	187.15	18.983	0.67746	-0.03564	-0.03394	-0.73389
 None	0.1021	0.0015	1.0254	0.0	0.0	0.0	0.088	-5.641	-94.581	33.7	-419	-33	-210	114.38067733	23.20821867	187.15	18.983	0.67746	-0.03564	-0.03394	-0.73389
 None	0.1021	0.0015	1.0254	0.0	0.0	0.0	0.088	-5.641	-94.581	33.7	-419	-33	-210	114.38067733	23.20821867	187.15	18.983	0.67746	-0.03564	-0.03394	-0.73389
 None	0.1021	0.0015	1.0254	0.0	0.0	0.0	0.088	-5.641	-94.581	33.7	-419	-33	-210	114.38067733	23.20821867	187.15	18.983	0.67746	-0.03564	-0.03394	-0.73389
 None	0.1021	0.0015	1.0254	0.0	0.0	0.0	0.088	-5.641	-94.581	33.7	-419	-33	-210	114.38067733	23.20821867	187.15	18.983	0.67743	-0.03564	-0.03394	-0.73389
 None	0.1016	0.002	1.0249	0.0	0.0	0.0	0.088	-5.641	-94.603	33.71	-415	-35	-210	114.38067733	23.20821867	187.15	18.983	0.67743	-0.03564	-0.03394	-0.73389
 None	0.1016	0.002	1.0249	0.0	0.0	0.0	0.088	-5.641	-94.603	33.71	-415	-35	-210	114.38067733	23.20821867	187.15	18.983	0.67743	-0.03564	-0.03394	-0.73389
 None	0.1016	0.002	1.0249	0.0	0.0	0.0	0.088	-5.641	-94.603	33.71	-415	-35	-210	114.38067733	23.20821867	187.15	18.983	0.67743	-0.03564	-0.03394	-0.73389
 None	0.1016	0.002	1.0249	0.0	0.0	0.0	0.088	-5.641	-94.603	33.71	-415	-35	-210	114.38067733	23.20821867	187.15	18.983	0.67731	-0.03564	-0.03397	-0.73401
 None	0.1016	0.002	1.0254	0.0	0.0	0.0	0.088	-5.641	-94.625	33.73	-418	-35	-211	114.38067733	23.20821867	187.15	18.983	0.67731	-0.03564	-0.03397	-0.73401
 None	0.1016	0.002	1.0254	0.0	0.0	0.0	0.088	-5.641	-94.625	33.73	-418	-35	-211	114.38067733	23.20821867	187.15	18.983	0.67731	-0.03564	-0.03397	-0.73401
 None	0.1016	0.002	1.0254	0.0	0.0	0.0	0.088	-5.641	-94.625	33.73	-418	-35	-211	114.38067733	23.20821867	187.15	18.983	0.67731	-0.03564	-0.03397	-0.73401
 None	0.1016	0.002	1.0254	0.0	0.0	0.0	0.088	-5.641	-94.625	33.73	-418	-35	-211	114.38067733	23.20821867	187.15	18.983	0.67715	-0.03568	-0.03397	-0.73416
 None	0.1011	0.002	1.0254	0.0	0.0	0.0	0.088	-5.641	-94.647	33.69	-416	-33	-208	114.38067733	23.20821867	187.15	18.983	0.67715	-0.03568	-0.03397	-0.73416
 None	0.1011	0.002	1.0254	0.0	0.0	0.0	0.088	-5.641	-94.647	33.69	-416	-33	-208	114.38067733	23.20821867	187.15	18.983	0.67715	-0.03568	-0.03397	-0.73416
 None	0.1011	0.002	1.0254	0.0	0.0	0.0	0.088	-5.641	-94.647	33.69	-416	-33	-208	114.38067733	23.20821867	187.15	18.983	0.67715	-0.03568	-0.03397	-0.73416
 None	0.1011	0.002	1.0254	0.0	0.0	0.0	0.088	-5.641	-94.647	33.69	-416	-33	-208	114.38067733	23.20821867	187.15	18.983	0.67703	-0.03564	-0.03397	-0.73428
 None	0.1011	0.0015	1.0249	0.0	0.0	0.0	0.088	-5.641	-94.669	33.74	-417	-35	-208	114.38067733	23.20821867	187.15	18.983	0.67703	-0.03564	-0.03397	-0.73428
 None	0.1011	0.0015	1.0249	0.0	0.0	0.0	0.088	-5.641	-94.669	33.74	-417	-35	-208	114.38067733	23.20821867	187.15	18.983	0.67703	-0.03564	-0.03397	-0.73428
 None	0.1011	0.0015	1.0249	0.0	0.0	0.0	0.088	-5.641	-94.669	33.74	-417	-35	-208	114.38067733	23.20821867	187.15	18.983	0.67703	-0.03564	-0.03397	-0.73428
 None	0.1011	0.0015	1.0249	0.0	0.0	0.0	0.088	-5.641	-94.669	33.74	-417	-35	-208	114.38067733	23.20821867	187.15	18.983	0.67688	-0.03564	-0.03394	-0.73441
 None	0.1006	0.001	1.0249	0.0	0.0	0.0	0.088	-5.641	-94.68	33.79	-419	-34	-210	114.38067733	23.20821867	187.15	18.983	0.67688	-0.03564	-0.03394	-0.73441
 None	0.1006	0.001	1.0249	0.0	0.0	0.0	0.088	-5.641	-94.68	33.79	-419	-34	-210	114.38067733	23.20821867	187.15	18.983	0.67688	-0.03564	-0.03394	-0.73441
 None	0.1006	0.001	1.0249	0.0	0.0	0.0	0.088	-5.641	-94.68	33.79	-419	-34	-210	114.38067733	23.20821867	187.15	18.983	0.67688	-0.03564	-0.03394	-0.73441
 None	0.1006	0.001	1.0249	0.0	0.0	0.0	0.088	-5.641	-94.68	33.79	-419	-34	-210	114.38067733	23.20821867	187.15	18.983	0.67682	-0.03564	-0.03394	-0.73447
 None	0.1011	0.001	1.0249	0.0	0.0	0.0	0.088	-5.641	-94.68	33.74	-416	-31	-210	114.38067733	23.20821867	187.15	18.983	0.67682	-0.03564	-0.03394	-0.73447
 None	0.1011	0.001	1.0249	0.0	0.0	0.0	0.088	-5.641	-94.68	33.74	-416	-31	-210	114.38067733	23.20821867	187.15	18.983	0.67682	-0.03564	-0.03394	-0.73447
 None	0.1011	0.001	1.0249	0.0	0.0	0.0	0.088	-5.641	-94.68	33.74	-416	-31	-210	114.38067733	23.20821867	187.15	18.983	0.67682	-0.03564	-0.03394	-0.73447
 None	0.1011	0.001	1.0249	0.0	0.0	0.0	0.088	-5.641	-94.68	33.74	-416	-31	-210	114.38067733	23.20821867	187.15	18.983	0.67682	-0.03564	-0.03391	-0.73447
 None	0.1016	0.001	1.0254	0.0	0.0	0.0	0.082	-5.641	-94.68	33.71	-415	-34	-212	114.38067733	23.20821867	187.15	18.983	0.67682	-0.03564	-0.03391	-0.73447
 None	0.1016	0.001	1.0254	0.0	0.0	0.0	0.082	-5.641	-94.68	33.71	-415	-34	-212	114.38067733	23.20821867	187.15	18.983	0.67682	-0.03564	-0.03391	-0.73447
 None	0.1016	0.001	1.0254	0.0	0.0	0.0	0.082	-5.641	-94.68	33.71	-415	-34	-212	114.38067733	23.20821867	187.15	18.983	0.67682	-0.03564	-0.03391	-0.73447
 None	0.1016	0.001	1.0254	0.0	0.0	0.0	0.082	-5.641	-94.68	33.71	-415	-34	-212	114.38067733	23.20821867	187.15	18.983	0.67682	-0.03568	-0.03387	-0.73447
 None	0.1016	0.001	1.0254	0.0	0.0	0.0	0.082	-5.641	-94.697	33.68	-416	-33	-209	114.38067733	23.20821867	187.15	18.983	0.67682	-0.03568	-0.03387	-0.73447
 None	0.1016	0.001	1.0254	0.0	0.0	0.0	0.082	-5.641	-94.697	33.68	-416	-33	-209	114.38067733	23.20821867	187.15	18.983	0.67682	-0.03568	-0.03387	-0.73447
 None	0.1016	0.001	1.0254	0.0	0.0	0.0	0.082	-5.641	-94.697	33.68	-416	-33	-209	114.38067733	23.20821867	187.15	18.983	0.67682	-0.03568	-0.03387	-0.73447
 None	0.1016	0.001	1.0254	0.0	0.0	0.0	0.082	-5.641	-94.697	33.68	-416	-33	-209	114.38067733	23.20821867	187.15	18.983	0.6767	-0.03568	-0.03387	-0.73459
 None	0.1016	0.001	1.0249	0.0	0.0	0.0	0.082	-5.641	-94.702	33.75	-418	-34	-207	114.38067733	23.20821867	187.15	18.983	0.6767	-0.03568	-0.03387	-0.73459
 None	0.1016	0.001	1.0249	0.0	0.0	0.0	0.082	-5.641	-94.702	33.75	-418	-34	-207	114.38062667	23.20809333	187.15	18.983	0.6767	-0.03568	-0.03387	-0.73459
 None	0.1016	0.001	1.0249	0.0	0.0	0.0	0.082	-5.641	-94.702	33.75	-418	-34	-207	114.38062667	23.20809333	187.28	19.705	0.6767	-0.03568	-0.03387	-0.73459
 None	0.1016	0.001	1.0249	0.0	0.0	0.0	0.082	-5.641	-94.702	33.75	-418	-34	-207	114.38062667	23.20809333	187.28	19.705	0.67667	-0.03571	-0.03387	-0.73462
 None	0.1016	0.0015	1.0249	0.0	0.0	0.0	0.077	-5.641	-94.708	33.81	-417	-33	-208	114.38062667	23.20809333	187.28	19.705	0.67667	-0.03571	-0.03387	-0.73462
 None	0.1016	0.0015	1.0249	0.0	0.0	0.0	0.077	-5.641	-94.708	33.81	-417	-33	-208	114.38062667	23.20809333	187.28	19.705	0.67667	-0.03571	-0.03387	-0.73462
 None	0.1016	0.0015	1.0249	0.0	0.0	0.0	0.077	-5.641	-94.708	33.81	-417	-33	-208	114.38062667	23.20809333	187.28	19.705	0.67667	-0.03571	-0.03387	-0.73462
 None	0.1016	0.0015	1.0249	0.0	0.0	0.0	0.077	-5.641	-94.708	33.81	-417	-33	-208	114.38062667	23.20809333	187.28	19.705	0.67664	-0.03571	-0.03387	-0.73462
 None	0.1011	0.0015	1.0249	0.0	0.0	0.0	0.077	-5.641	-94.724	33.74	-418	-34	-207	114.38062667	23.20809333	187.28	19.705	0.67664	-0.03571	-0.03387	-0.73462
 None	0.1011	0.0015	1.0249	0.0	0.0	0.0	0.077	-5.641	-94.724	33.74	-418	-34	-207	114.38062667	23.20809333	187.28	19.705	0.67664	-0.03571	-0.03387	-0.73462
 None	0.1011	0.0015	1.0249	0.0	0.0	0.0	0.077	-5.641	-94.724	33.74	-418	-34	-207	114.38062667	23.20809333	187.28	19.705	0.67664	-0.03571	-0.03387	-0.73462
 None	0.1011	0.0015	1.0249	0.0	0.0	0.0	0.077	-5.641	-94.724	33.74	-418	-34	-207	114.38062667	23.20809333	187.28	19.705	0.67654	-0.03574	-0.03387	-0.73474
 None	0.1011	0.0015	1.0254	0.0	0.0	0.0	0.077	-5.641	-94.713	33.75	-417	-30	-209	114.38062667	23.20809333	187.28	19.705	0.67654	-0.03574	-0.03387	-0.73474
 None	0.1011	0.0015	1.0254	0.0	0.0	0.0	0.077	-5.641	-94.713	33.75	-417	-30	-209	114.38062667	23.20809333	187.28	19.705	0.67654	-0.03574	-0.03387	-0.73474
 None	0.1011	0.0015	1.0254	0.0	0.0	0.0	0.077	-5.641	-94.713	33.75	-417	-30	-209	114.38062667	23.20809333	187.28	19.705	0.67654	-0.03574	-0.03387	-0.73474
 None	0.1011	0.0015	1.0254	0.0	0.0	0.0	0.077	-5.641	-94.713	33.75	-417	-30	-209	114.38062667	23.20809333	187.28	19.705	0.67661	-0.03571	-0.03387	-0.73465
 None	0.1011	0.0015	1.0254	0.0	0.0	0.0	0.077	-5.641	-94.708	33.75	-416	-34	-210	114.38062667	23.20809333	187.28	19.705	0.67661	-0.03571	-0.03387	-0.73465
 None	0.1011	0.0015	1.0254	0.0	0.0	0.0	0.077	-5.641	-94.708	33.75	-416	-34	-210	114.38062667	23.20809333	187.28	19.705	0.67661	-0.03571	-0.03387	-0.73465
 None	0.1011	0.0015	1.0254	0.0	0.0	0.0	0.077	-5.641	-94.708	33.75	-416	-34	-210	114.38062667	23.20809333	187.28	19.705	0.67661	-0.03571	-0.03387	-0.73465
 None	0.1011	0.0015	1.0254	0.0	0.0	0.0	0.077	-5.641	-94.708	33.75	-416	-34	-210	114.38062667	23.20809333	187.28	19.705	0.67667	-0.03571	-0.03387	-0.73462
 None	0.1006	0.0015	1.0254	0.0	0.0	0.0	0.077	-5.636	-94.713	33.68	-417	-31	-209	114.38062667	23.20809333	187.28	19.705	0.67667	-0.03571	-0.03387	-0.73462
 None	0.1006	0.0015	1.0254	0.0	0.0	0.0	0.077	-5.636	-94.713	33.68	-417	-31	-209	114.38062667	23.20809333	187.28	19.705	0.67667	-0.03571	-0.03387	-0.73462
 None	0.1006	0.0015	1.0254	0.0	0.0	0.0	0.077	-5.636	-94.713	33.68	-417	-31	-209	114.38062667	23.20809333	187.28	19.705	0.67667	-0.03571	-0.03387	-0.73462
 None	0.1006	0.0015	1.0254	0.0	0.0	0.0	0.077	-5.636	-94.713	33.68	-417	-31	-209	114.38062667	23.20809333	187.28	19.705	0.67661	-0.03571	-0.03384	-0.73468
 None	0.1006	0.002	1.0249	0.0	0.0	0.0	0.082	-5.636	-94.702	33.74	-413	-32	-208	114.38062667	23.20809333	187.28	19.705	0.67661	-0.03571	-0.03384	-0.73468
 None	0.1006	0.002	1.0249	0.0	0.0	0.0	0.082	-5.636	-94.702	33.74	-413	-32	-208	114.38062667	23.20809333	187.28	19.705	0.67661	-0.03571	-0.03384	-0.73468
 None	0.1006	0.002	1.0249	0.0	0.0	0.0	0.082	-5.636	-94.702	33.74	-413	-32	-208	114.38062667	23.20809333	187.28	19.705	0.67661	-0.03571	-0.03384	-0.73468
 None	0.1006	0.002	1.0249	0.0	0.0	0.0	0.082	-5.636	-94.702	33.74	-413	-32	-208	114.38062667	23.20809333	187.28	19.705	0.6767	-0.03568	-0.03384	-0.73459
 None	0.1006	0.002	1.0249	0.0	0.0	0.0	0.082	-5.636	-94.697	33.76	-417	-32	-211	114.38062667	23.20809333	187.28	19.705	0.6767	-0.03568	-0.03384	-0.73459
 None	0.1006	0.002	1.0249	0.0	0.0	0.0	0.082	-5.636	-94.697	33.76	-417	-32	-211	114.38062667	23.20809333	187.28	19.705	0.6767	-0.03568	-0.03384	-0.73459
 None	0.1006	0.002	1.0249	0.0	0.0	0.0	0.082	-5.636	-94.697	33.76	-417	-32	-211	114.38062667	23.20809333	187.28	19.705	0.6767	-0.03568	-0.03384	-0.73459
 None	0.1006	0.002	1.0249	0.0	0.0	0.0	0.082	-5.636	-94.697	33.76	-417	-32	-211	114.38062667	23.20809333	187.28	19.705	0.67673	-0.03564	-0.03384	-0.73456
 None	0.1006	0.002	1.0249	0.0	0.0	0.0	0.082	-5.63	-94.691	33.81	-418	-31	-206	114.38062667	23.20809333	187.28	19.705	0.67673	-0.03564	-0.03384	-0.73456
 None	0.1006	0.002	1.0249	0.0	0.0	0.0	0.082	-5.63	-94.691	33.81	-418	-31	-206	114.38062667	23.20809333	187.28	19.705	0.67673	-0.03564	-0.03384	-0.73456
 None	0.1006	0.002	1.0249	0.0	0.0	0.0	0.082	-5.63	-94.691	33.81	-418	-31	-206	114.38062667	23.20809333	187.28	19.705	0.67673	-0.03564	-0.03384	-0.73456
 None	0.1006	0.002	1.0249	0.0	0.0	0.0	0.082	-5.63	-94.691	33.81	-418	-31	-206	114.38062667	23.20809333	187.28	19.705	0.67676	-0.03561	-0.03384	-0.73453
 None	0.1011	0.002	1.0244	0.0	0.0	0.0	0.082	-5.63	-94.686	33.75	-413	-33	-208	114.38062667	23.20809333	187.28	19.705	0.67676	-0.03561	-0.03384	-0.73453
 None	0.1011	0.002	1.0244	0.0	0.0	0.0	0.082	-5.63	-94.686	33.75	-413	-33	-208	114.38062667	23.20809333	187.28	19.705	0.67676	-0.03561	-0.03384	-0.73453
 None	0.1011	0.002	1.0244	0.0	0.0	0.0	0.082	-5.63	-94.686	33.75	-413	-33	-208	114.38062667	23.20809333	187.28	19.705	0.67676	-0.03561	-0.03384	-0.73453
 None	0.1011	0.002	1.0244	0.0	0.0	0.0	0.082	-5.63	-94.686	33.75	-413	-33	-208	114.38062667	23.20809333	187.28	19.705	0.67679	-0.03561	-0.03384	-0.7345
 None	0.1011	0.002	1.0244	0.0	0.0	0.0	0.088	-5.63	-94.68	33.8	-415	-34	-206	114.38062667	23.20809333	187.28	19.705	0.67679	-0.03561	-0.03384	-0.7345
 None	0.1011	0.002	1.0244	0.0	0.0	0.0	0.088	-5.63	-94.68	33.8	-415	-34	-206	114.380632	23.208024	187.28	19.705	0.67679	-0.03561	-0.03384	-0.7345
 None	0.1011	0.002	1.0244	0.0	0.0	0.0	0.088	-5.63	-94.68	33.8	-415	-34	-206	114.380632	23.208024	187.25	20.742	0.67679	-0.03561	-0.03384	-0.7345
 None	0.1011	0.002	1.0244	0.0	0.0	0.0	0.088	-5.63	-94.68	33.8	-415	-34	-206	114.380632	23.208024	187.25	20.742	0.67682	-0.03561	-0.03384	-0.7345
 None	0.1011	0.0015	1.0249	0.0	0.0	0.0	0.088	-5.63	-94.68	33.72	-416	-34	-208	114.380632	23.208024	187.25	20.742	0.67682	-0.03561	-0.03384	-0.7345
 None	0.1011	0.0015	1.0249	0.0	0.0	0.0	0.088	-5.63	-94.68	33.72	-416	-34	-208	114.380632	23.208024	187.25	20.742	0.67682	-0.03561	-0.03384	-0.7345
 None	0.1011	0.0015	1.0249	0.0	0.0	0.0	0.088	-5.63	-94.68	33.72	-416	-34	-208	114.380632	23.208024	187.25	20.742	0.67682	-0.03561	-0.03384	-0.7345
 None	0.1011	0.0015	1.0249	0.0	0.0	0.0	0.088	-5.63	-94.68	33.72	-416	-34	-208	114.380632	23.208024	187.25	20.742	0.67682	-0.03561	-0.03387	-0.7345
 None	0.1011	0.001	1.0254	0.0	0.0	0.0	0.082	-5.63	-94.691	33.75	-417	-34	-211	114.380632	23.208024	187.25	20.742	0.67682	-0.03561	-0.03387	-0.7345
 None	0.1011	0.001	1.0254	0.0	0.0	0.0	0.082	-5.63	-94.691	33.75	-417	-34	-211	114.380632	23.208024	187.25	20.742	0.67682	-0.03561	-0.03387	-0.7345
 None	0.1011	0.001	1.0254	0.0	0.0	0.0	0.082	-5.63	-94.691	33.75	-417	-34	-211	114.380632	23.208024	187.25	20.742	0.67682	-0.03561	-0.03387	-0.7345
 None	0.1011	0.001	1.0254	0.0	0.0	0.0	0.082	-5.63	-94.691	33.75	-417	-34	-211	114.380632	23.208024	187.25	20.742	0.67673	-0.03561	-0.03384	-0.73456
 None	0.1016	0.0015	1.0254	0.0	0.0	0.0	0.082	-5.63	-94.691	33.73	-417	-34	-210	114.380632	23.208024	187.25	20.742	0.67673	-0.03561	-0.03384	-0.73456
 None	0.1016	0.0015	1.0254	0.0	0.0	0.0	0.082	-5.63	-94.691	33.73	-417	-34	-210	114.380632	23.208024	187.25	20.742	0.67673	-0.03561	-0.03384	-0.73456
 None	0.1016	0.0015	1.0254	0.0	0.0	0.0	0.082	-5.63	-94.691	33.73	-417	-34	-210	114.380632	23.208024	187.25	20.742	0.67673	-0.03561	-0.03384	-0.73456
 None	0.1016	0.0015	1.0254	0.0	0.0	0.0	0.082	-5.63	-94.691	33.73	-417	-34	-210	114.380632	23.208024	187.25	20.742	0.67673	-0.03564	-0.03384	-0.73456
 None	0.1016	0.002	1.0254	0.0	0.0	0.0	0.082	-5.636	-94.691	33.71	-417	-33	-210	114.380632	23.208024	187.25	20.742	0.67673	-0.03564	-0.03384	-0.73456
 None	0.1016	0.002	1.0254	0.0	0.0	0.0	0.082	-5.636	-94.691	33.71	-417	-33	-210	114.380632	23.208024	187.25	20.742	0.67673	-0.03564	-0.03384	-0.73456
 None	0.1016	0.002	1.0254	0.0	0.0	0.0	0.082	-5.636	-94.691	33.71	-417	-33	-210	114.380632	23.208024	187.25	20.742	0.67673	-0.03564	-0.03384	-0.73456
 None	0.1016	0.002	1.0254	0.0	0.0	0.0	0.082	-5.636	-94.691	33.71	-417	-33	-210	114.380632	23.208024	187.25	20.742	0.67676	-0.03564	-0.03384	-0.73453
 None	0.1011	0.0015	1.0254	0.0	0.0	0.0	0.082	-5.636	-94.697	33.72	-416	-35	-206	114.380632	23.208024	187.25	20.742	0.67676	-0.03564	-0.03384	-0.73453
 None	0.1011	0.0015	1.0254	0.0	0.0	0.0	0.082	-5.636	-94.697	33.72	-416	-35	-206	114.380632	23.208024	187.25	20.742	0.67676	-0.03564	-0.03384	-0.73453
 None	0.1011	0.0015	1.0254	0.0	0.0	0.0	0.082	-5.636	-94.697	33.72	-416	-35	-206	114.380632	23.208024	187.25	20.742	0.67676	-0.03564	-0.03384	-0.73453
 None	0.1011	0.0015	1.0254	0.0	0.0	0.0	0.082	-5.636	-94.697	33.72	-416	-35	-206	114.380632	23.208024	187.25	20.742	0.6767	-0.03564	-0.03384	-0.73459
 None	0.1011	0.001	1.0259	0.0	0.0	0.0	0.082	-5.636	-94.708	33.79	-417	-33	-210	114.380632	23.208024	187.25	20.742	0.6767	-0.03564	-0.03384	-0.73459
 None	0.1011	0.001	1.0259	0.0	0.0	0.0	0.082	-5.636	-94.708	33.79	-417	-33	-210	114.380632	23.208024	187.25	20.742	0.6767	-0.03564	-0.03384	-0.73459
 None	0.1011	0.001	1.0259	0.0	0.0	0.0	0.082	-5.636	-94.708	33.79	-417	-33	-210	114.380632	23.208024	187.25	20.742	0.6767	-0.03564	-0.03384	-0.73459
 None	0.1011	0.001	1.0259	0.0	0.0	0.0	0.082	-5.636	-94.708	33.79	-417	-33	-210	114.380632	23.208024	187.25	20.742	0.67664	-0.03564	-0.03384	-0.73465
 None	0.1011	0.0015	1.0254	0.0	0.0	0.0	0.082	-5.63	-94.708	33.75	-417	-35	-208	114.380632	23.208024	187.25	20.742	0.67664	-0.03564	-0.03384	-0.73465
 None	0.1011	0.0015	1.0254	0.0	0.0	0.0	0.082	-5.63	-94.708	33.75	-417	-35	-208	114.380632	23.208024	187.25	20.742	0.67664	-0.03564	-0.03384	-0.73465
 None	0.1011	0.0015	1.0254	0.0	0.0	0.0	0.082	-5.63	-94.708	33.75	-417	-35	-208	114.380632	23.208024	187.25	20.742	0.67664	-0.03564	-0.03384	-0.73465
 None	0.1011	0.0015	1.0254	0.0	0.0	0.0	0.082	-5.63	-94.708	33.75	-417	-35	-208	114.380632	23.208024	187.25	20.742	0.67667	-0.03564	-0.03384	-0.73462
 None	0.1011	0.0015	1.0249	0.0	0.0	0.0	0.082	-5.63	-94.713	33.74	-416	-32	-209	114.380632	23.208024	187.25	20.742	0.67667	-0.03564	-0.03384	-0.73462
 None	0.1011	0.0015	1.0249	0.0	0.0	0.0	0.082	-5.63	-94.713	33.74	-416	-32	-209	114.380632	23.208024	187.25	20.742	0.67667	-0.03564	-0.03384	-0.73462
 None	0.1011	0.0015	1.0249	0.0	0.0	0.0	0.082	-5.63	-94.713	33.74	-416	-32	-209	114.380632	23.208024	187.25	20.742	0.67667	-0.03564	-0.03384	-0.73462
 None	0.1011	0.0015	1.0249	0.0	0.0	0.0	0.082	-5.63	-94.713	33.74	-416	-32	-209	114.380632	23.208024	187.25	20.742	0.67664	-0.03564	-0.03381	-0.73465
 None	0.1016	0.002	1.0249	0.0	0.0	0.0	0.082	-5.636	-94.702	33.73	-418	-36	-206	114.380632	23.208024	187.25	20.742	0.67664	-0.03564	-0.03381	-0.73465
 None	0.1016	0.002	1.0249	0.0	0.0	0.0	0.082	-5.636	-94.702	33.73	-418	-36	-206	114.380632	23.208024	187.25	20.742	0.67664	-0.03564	-0.03381	-0.73465
 None	0.1016	0.002	1.0249	0.0	0.0	0.0	0.082	-5.636	-94.702	33.73	-418	-36	-206	114.380632	23.208024	187.25	20.742	0.67664	-0.03564	-0.03381	-0.73465
 None	0.1016	0.002	1.0249	0.0	0.0	0.0	0.082	-5.636	-94.702	33.73	-418	-36	-206	114.380632	23.208024	187.25	20.742	0.67667	-0.03564	-0.03384	-0.73462
 None	0.1011	0.002	1.0249	0.0	0.0	0.0	0.082	-5.636	-94.702	33.7	-417	-31	-210	114.380632	23.208024	187.25	20.742	0.67667	-0.03564	-0.03384	-0.73462
 None	0.1011	0.002	1.0249	0.0	0.0	0.0	0.082	-5.636	-94.702	33.7	-417	-31	-210	114.38063733	23.20795733	187.25	20.742	0.67667	-0.03564	-0.03384	-0.73462
 None	0.1011	0.002	1.0249	0.0	0.0	0.0	0.082	-5.636	-94.702	33.7	-417	-31	-210	114.38063733	23.20795733	187.08	20.427	0.67667	-0.03564	-0.03384	-0.73462
 None	0.1011	0.002	1.0249	0.0	0.0	0.0	0.082	-5.636	-94.702	33.7	-417	-31	-210	114.38063733	23.20795733	187.08	20.427	0.67667	-0.03564	-0.03384	-0.73462
 None	0.1006	0.002	1.0254	0.0	0.0	0.0	0.082	-5.63	-94.702	33.81	-417	-32	-212	114.38063733	23.20795733	187.08	20.427	0.67667	-0.03564	-0.03384	-0.73462
 None	0.1006	0.002	1.0254	0.0	0.0	0.0	0.082	-5.63	-94.702	33.81	-417	-32	-212	114.38063733	23.20795733	187.08	20.427	0.67667	-0.03564	-0.03384	-0.73462
 None	0.1006	0.002	1.0254	0.0	0.0	0.0	0.082	-5.63	-94.702	33.81	-417	-32	-212	114.38063733	23.20795733	187.08	20.427	0.67667	-0.03564	-0.03384	-0.73462
 None	0.1006	0.002	1.0254	0.0	0.0	0.0	0.082	-5.63	-94.702	33.81	-417	-32	-212	114.38063733	23.20795733	187.08	20.427	0.6767	-0.03564	-0.03384	-0.73459
 None	0.1011	0.002	1.0254	0.0	0.0	0.0	0.088	-5.63	-94.702	33.78	-415	-34	-209	114.38063733	23.20795733	187.08	20.427	0.6767	-0.03564	-0.03384	-0.73459
 None	0.1011	0.002	1.0254	0.0	0.0	0.0	0.088	-5.63	-94.702	33.78	-415	-34	-209	114.38063733	23.20795733	187.08	20.427	0.6767	-0.03564	-0.03384	-0.73459
 None	0.1011	0.002	1.0254	0.0	0.0	0.0	0.088	-5.63	-94.702	33.78	-415	-34	-209	114.38063733	23.20795733	187.08	20.427	0.6767	-0.03564	-0.03384	-0.73459
 None	0.1011	0.002	1.0254	0.0	0.0	0.0	0.088	-5.63	-94.702	33.78	-415	-34	-209	114.38063733	23.20795733	187.08	20.427	0.6767	-0.03561	-0.03384	-0.73459
 None	0.1011	0.002	1.0249	0.0	0.0	0.0	0.088	-5.63	-94.691	33.73	-416	-33	-209	114.38063733	23.20795733	187.08	20.427	0.6767	-0.03561	-0.03384	-0.73459
 None	0.1011	0.002	1.0249	0.0	0.0	0.0	0.088	-5.63	-94.691	33.73	-416	-33	-209	114.38063733	23.20795733	187.08	20.427	0.6767	-0.03561	-0.03384	-0.73459
 None	0.1011	0.002	1.0249	0.0	0.0	0.0	0.088	-5.63	-94.691	33.73	-416	-33	-209	114.38063733	23.20795733	187.08	20.427	0.6767	-0.03561	-0.03384	-0.73459
 None	0.1011	0.002	1.0249	0.0	0.0	0.0	0.088	-5.63	-94.691	33.73	-416	-33	-209	114.38063733	23.20795733	187.08	20.427	0.67676	-0.03561	-0.03384	-0.73453
 None	0.1011	0.0015	1.0249	0.0	0.0	0.0	0.088	-5.63	-94.686	33.8	-415	-31	-210	114.38063733	23.20795733	187.08	20.427	0.67676	-0.03561	-0.03384	-0.73453
 None	0.1011	0.0015	1.0249	0.0	0.0	0.0	0.088	-5.63	-94.686	33.8	-415	-31	-210	114.38063733	23.20795733	187.08	20.427	0.67676	-0.03561	-0.03384	-0.73453
 None	0.1011	0.0015	1.0249	0.0	0.0	0.0	0.088	-5.63	-94.686	33.8	-415	-31	-210	114.38063733	23.20795733	187.08	20.427	0.67676	-0.03561	-0.03384	-0.73453
 None	0.1011	0.0015	1.0249	0.0	0.0	0.0	0.088	-5.63	-94.686	33.8	-415	-31	-210	114.38063733	23.20795733	187.08	20.427	0.67679	-0.03558	-0.03387	-0.73453
 None	0.1011	0.0015	1.0249	0.0	0.0	0.0	0.088	-5.63	-94.68	33.79	-416	-32	-208	114.38063733	23.20795733	187.08	20.427	0.67679	-0.03558	-0.03387	-0.73453
 None	0.1011	0.0015	1.0249	0.0	0.0	0.0	0.088	-5.63	-94.68	33.79	-416	-32	-208	114.38063733	23.20795733	187.08	20.427	0.67679	-0.03558	-0.03387	-0.73453
 None	0.1011	0.0015	1.0249	0.0	0.0	0.0	0.088	-5.63	-94.68	33.79	-416	-32	-208	114.38063733	23.20795733	187.08	20.427	0.67679	-0.03558	-0.03387	-0.73453
 None	0.1011	0.0015	1.0249	0.0	0.0	0.0	0.088	-5.63	-94.68	33.79	-416	-32	-208	114.38063733	23.20795733	187.08	20.427	0.67682	-0.03558	-0.03387	-0.73447
 None	0.1016	0.0015	1.0249	0.0	0.0	0.0	0.088	-5.63	-94.669	33.75	-415	-33	-209	114.38063733	23.20795733	187.08	20.427	0.67682	-0.03558	-0.03387	-0.73447
 None	0.1016	0.0015	1.0249	0.0	0.0	0.0	0.088	-5.63	-94.669	33.75	-415	-33	-209	114.38063733	23.20795733	187.08	20.427	0.67682	-0.03558	-0.03387	-0.73447
