Chiptime	ax(g)	ay(g)	az(g)	wx(deg/s)	wy(deg/s)	wz(deg/s)	AngleX(deg)	AngleY(deg)	AngleZ(deg)	T(бу)	magx	magy	magz	lon	lat	Yaw	Speed	q1	q2	q3	q4
 None	0.1045	0.0034	1.0249	0.0	0.0	0.0	0.154	-5.812	-94.658	38.24	-416	-33	-206	114.37889867	23.21554667	4.49	0.0	0.67691	-0.03635	-0.03534	-0.73428
 None	0.1045	0.0034	1.0249	0.0	0.0	0.0	0.154	-5.812	-94.658	38.24	-416	-33	-206	114.37889867	23.21554667	4.49	0.0	0.67691	-0.03635	-0.03534	-0.73428
 None	0.1045	0.0034	1.0249	0.0	0.0	0.0	0.154	-5.812	-94.658	38.24	-416	-33	-206	114.37889867	23.21554667	4.49	0.0	0.67691	-0.03635	-0.03534	-0.73428
 None	0.1045	0.0034	1.0249	0.0	0.0	0.0	0.154	-5.812	-94.658	38.24	-416	-33	-206	114.37889867	23.21554667	4.49	0.0	0.67694	-0.03635	-0.03534	-0.73425
 None	0.1045	0.0029	1.0259	0.0	0.0	0.0	0.154	-5.812	-94.658	38.24	-415	-34	-207	114.37889867	23.21554667	4.49	0.0	0.67694	-0.03635	-0.03534	-0.73425
 None	0.1045	0.0029	1.0259	0.0	0.0	0.0	0.154	-5.812	-94.658	38.24	-415	-34	-207	114.37889867	23.21554667	4.49	0.0	0.67694	-0.03635	-0.03534	-0.73425
 None	0.1045	0.0029	1.0259	0.0	0.0	0.0	0.154	-5.812	-94.658	38.24	-415	-34	-207	114.37889867	23.21554667	4.49	0.0	0.67694	-0.03635	-0.03534	-0.73425
 None	0.1045	0.0029	1.0259	0.0	0.0	0.0	0.154	-5.812	-94.658	38.24	-415	-34	-207	114.37889867	23.21554667	4.49	0.0	0.67694	-0.03632	-0.03537	-0.73425
 None	0.1045	0.0024	1.0259	0.0	0.0	0.0	0.154	-5.812	-94.664	38.24	-415	-31	-208	114.37889867	23.21554667	4.49	0.0	0.67694	-0.03632	-0.03537	-0.73425
 None	0.1045	0.0024	1.0259	0.0	0.0	0.0	0.154	-5.812	-94.664	38.24	-415	-31	-208	114.37889867	23.21554667	4.49	0.0	0.67694	-0.03632	-0.03537	-0.73425
 None	0.1045	0.0024	1.0259	0.0	0.0	0.0	0.154	-5.812	-94.664	38.24	-415	-31	-208	114.37889867	23.21554667	4.49	0.0	0.67694	-0.03632	-0.03537	-0.73425
 None	0.1045	0.0024	1.0259	0.0	0.0	0.0	0.154	-5.812	-94.664	38.24	-415	-31	-208	114.37889867	23.21554667	4.49	0.0	0.67691	-0.03632	-0.03537	-0.73428
 None	0.104	0.0029	1.0254	0.0	0.0	0.0	0.154	-5.806	-94.669	38.25	-417	-33	-205	114.37889867	23.21554667	4.49	0.0	0.67691	-0.03632	-0.03537	-0.73428
 None	0.104	0.0029	1.0254	0.0	0.0	0.0	0.154	-5.806	-94.669	38.25	-417	-33	-205	114.37889867	23.21554667	4.49	0.0	0.67691	-0.03632	-0.03537	-0.73428
 None	0.104	0.0029	1.0254	0.0	0.0	0.0	0.154	-5.806	-94.669	38.25	-417	-33	-205	114.37889867	23.21554667	4.49	0.0	0.67691	-0.03632	-0.03537	-0.73428
 None	0.104	0.0029	1.0254	0.0	0.0	0.0	0.154	-5.806	-94.669	38.25	-417	-33	-205	114.37889867	23.21554667	4.49	0.0	0.67685	-0.03632	-0.03534	-0.73434
 None	0.104	0.0029	1.0254	0.0	0.0	0.0	0.154	-5.806	-94.691	38.18	-417	-35	-208	114.37889867	23.21554667	4.49	0.0	0.67685	-0.03632	-0.03534	-0.73434
 None	0.104	0.0029	1.0254	0.0	0.0	0.0	0.154	-5.806	-94.691	38.18	-417	-35	-208	114.37889867	23.21554667	4.49	0.0	0.67685	-0.03632	-0.03534	-0.73434
 None	0.104	0.0029	1.0254	0.0	0.0	0.0	0.154	-5.806	-94.691	38.18	-417	-35	-208	114.37889867	23.21554667	4.49	0.0	0.67685	-0.03632	-0.03534	-0.73434
 None	0.104	0.0029	1.0254	0.0	0.0	0.0	0.154	-5.806	-94.691	38.18	-417	-35	-208	114.37889867	23.21554667	4.49	0.0	0.67673	-0.03632	-0.03534	-0.73444
 None	0.104	0.0029	1.0254	0.0	0.0	0.0	0.154	-5.806	-94.702	38.24	-418	-33	-207	114.37889867	23.21554667	4.49	0.0	0.67673	-0.03632	-0.03534	-0.73444
 None	0.104	0.0029	1.0254	0.0	0.0	0.0	0.154	-5.806	-94.702	38.24	-418	-33	-207	114.37889867	23.21554667	4.49	0.0	0.67673	-0.03632	-0.03534	-0.73444
 None	0.104	0.0029	1.0254	0.0	0.0	0.0	0.154	-5.806	-94.702	38.24	-418	-33	-207	114.37889867	23.21554667	4.49	0.0	0.67673	-0.03632	-0.03534	-0.73444
 None	0.104	0.0029	1.0254	0.0	0.0	0.0	0.154	-5.806	-94.702	38.24	-418	-33	-207	114.37889867	23.21554667	4.49	0.0	0.67667	-0.03632	-0.03534	-0.7345
 None	0.1045	0.0029	1.0259	0.0	0.0	0.0	0.154	-5.806	-94.697	38.23	-417	-33	-207	114.37889867	23.21554667	4.49	0.0	0.67667	-0.03632	-0.03534	-0.7345
 None	0.1045	0.0029	1.0259	0.0	0.0	0.0	0.154	-5.806	-94.697	38.23	-417	-33	-207	114.37889867	23.21554667	4.49	0.0	0.67667	-0.03632	-0.03534	-0.7345
 None	0.1045	0.0029	1.0259	0.0	0.0	0.0	0.154	-5.806	-94.697	38.23	-417	-33	-207	114.37889867	23.21554667	4.49	0.0	0.67667	-0.03632	-0.03534	-0.7345
 None	0.1045	0.0029	1.0259	0.0	0.0	0.0	0.154	-5.806	-94.697	38.23	-417	-33	-207	114.37889867	23.21554667	4.49	0.0	0.6767	-0.03632	-0.03534	-0.7345
 None	0.1045	0.0029	1.0254	0.0	0.0	0.0	0.159	-5.806	-94.702	38.26	-417	-34	-208	114.37889867	23.21554667	4.49	0.0	0.6767	-0.03632	-0.03534	-0.7345
 None	0.1045	0.0029	1.0254	0.0	0.0	0.0	0.159	-5.806	-94.702	38.26	-417	-34	-208	114.37889867	23.21554667	4.49	0.0	0.6767	-0.03632	-0.03534	-0.7345
 None	0.1045	0.0029	1.0254	0.0	0.0	0.0	0.159	-5.806	-94.702	38.26	-417	-34	-208	114.37889867	23.21554667	4.49	0.0	0.6767	-0.03632	-0.03534	-0.7345
 None	0.1045	0.0029	1.0254	0.0	0.0	0.0	0.159	-5.806	-94.702	38.26	-417	-34	-208	114.37889867	23.21554667	4.49	0.0	0.67667	-0.03632	-0.03534	-0.73453
 None	0.104	0.0024	1.0254	0.0	0.0	0.0	0.159	-5.806	-94.697	38.19	-415	-31	-207	114.37889867	23.21554667	4.49	0.0	0.67667	-0.03632	-0.03534	-0.73453
 None	0.104	0.0024	1.0254	0.0	0.0	0.0	0.159	-5.806	-94.697	38.19	-415	-31	-207	114.37889867	23.21554667	4.49	0.0	0.67667	-0.03632	-0.03534	-0.73453
 None	0.104	0.0024	1.0254	0.0	0.0	0.0	0.159	-5.806	-94.697	38.19	-415	-31	-207	114.37889867	23.21554667	4.49	0.0	0.67667	-0.03632	-0.03534	-0.73453
 None	0.104	0.0024	1.0254	0.0	0.0	0.0	0.159	-5.806	-94.697	38.19	-415	-31	-207	114.37889867	23.21554667	4.49	0.0	0.6767	-0.03632	-0.03534	-0.73447
 None	0.1045	0.0024	1.0254	0.0	0.0	0.0	0.154	-5.806	-94.675	38.24	-415	-28	-207	114.37889867	23.21554667	4.49	0.0	0.6767	-0.03632	-0.03534	-0.73447
 None	0.1045	0.0024	1.0254	0.0	0.0	0.0	0.154	-5.806	-94.675	38.24	-415	-28	-207	114.378872	23.21537333	4.49	0.0	0.6767	-0.03632	-0.03534	-0.73447
 None	0.1045	0.0024	1.0254	0.0	0.0	0.0	0.154	-5.806	-94.675	38.24	-415	-28	-207	114.378872	23.21537333	4.49	0.0	0.6767	-0.03632	-0.03534	-0.73447
 None	0.1045	0.0024	1.0254	0.0	0.0	0.0	0.154	-5.806	-94.675	38.24	-415	-28	-207	114.378872	23.21537333	4.49	0.0	0.67682	-0.03632	-0.03534	-0.73438
 None	0.105	0.0029	1.0259	0.0	0.0	0.0	0.154	-5.806	-94.647	38.29	-417	-32	-207	114.378872	23.21537333	4.49	0.0	0.67682	-0.03632	-0.03534	-0.73438
 None	0.105	0.0029	1.0259	0.0	0.0	0.0	0.154	-5.806	-94.647	38.29	-417	-32	-207	114.378872	23.21537333	4.49	0.0	0.67682	-0.03632	-0.03534	-0.73438
 None	0.105	0.0029	1.0259	0.0	0.0	0.0	0.154	-5.806	-94.647	38.29	-417	-32	-207	114.378872	23.21537333	4.49	0.0	0.67682	-0.03632	-0.03534	-0.73438
 None	0.105	0.0029	1.0259	0.0	0.0	0.0	0.154	-5.806	-94.647	38.29	-417	-32	-207	114.378872	23.21537333	4.49	0.0	0.67703	-0.03632	-0.03537	-0.73419
 None	0.105	0.0029	1.0259	0.0	0.0	0.0	0.154	-5.812	-94.647	38.2	-417	-32	-205	114.378872	23.21537333	4.49	0.0	0.67703	-0.03632	-0.03537	-0.73419
 None	0.105	0.0029	1.0259	0.0	0.0	0.0	0.154	-5.812	-94.647	38.2	-417	-32	-205	114.378872	23.21537333	4.49	0.0	0.67703	-0.03632	-0.03537	-0.73419
 None	0.105	0.0029	1.0259	0.0	0.0	0.0	0.154	-5.812	-94.647	38.2	-417	-32	-205	114.378872	23.21537333	4.49	0.0	0.67703	-0.03632	-0.03537	-0.73419
 None	0.105	0.0029	1.0259	0.0	0.0	0.0	0.154	-5.812	-94.647	38.2	-417	-32	-205	114.378872	23.21537333	4.49	0.0	0.677	-0.03632	-0.03537	-0.73419
 None	0.1045	0.0029	1.0259	0.0	0.0	0.0	0.154	-5.812	-94.642	38.29	-417	-33	-206	114.378872	23.21537333	4.49	0.0	0.677	-0.03632	-0.03537	-0.73419
 None	0.1045	0.0029	1.0259	0.0	0.0	0.0	0.154	-5.812	-94.642	38.29	-417	-33	-206	114.378872	23.21537333	4.49	0.0	0.677	-0.03632	-0.03537	-0.73419
 None	0.1045	0.0029	1.0259	0.0	0.0	0.0	0.154	-5.812	-94.642	38.29	-417	-33	-206	114.378872	23.21537333	4.49	0.0	0.677	-0.03632	-0.03537	-0.73419
 None	0.1045	0.0029	1.0259	0.0	0.0	0.0	0.154	-5.812	-94.642	38.29	-417	-33	-206	114.378872	23.21537333	4.49	0.0	0.67706	-0.03632	-0.03537	-0.73416
 None	0.104	0.0029	1.0259	0.0	0.0	0.0	0.154	-5.812	-94.653	38.25	-416	-33	-206	114.378872	23.21537333	4.49	0.0	0.67706	-0.03632	-0.03537	-0.73416
 None	0.104	0.0029	1.0259	0.0	0.0	0.0	0.154	-5.812	-94.653	38.25	-416	-33	-206	114.378872	23.21537333	4.49	0.0	0.67706	-0.03632	-0.03537	-0.73416
 None	0.104	0.0029	1.0259	0.0	0.0	0.0	0.154	-5.812	-94.653	38.25	-416	-33	-206	114.378872	23.21537333	4.49	0.0	0.67706	-0.03632	-0.03537	-0.73416
 None	0.104	0.0029	1.0259	0.0	0.0	0.0	0.154	-5.812	-94.653	38.25	-416	-33	-206	114.378872	23.21537333	4.49	0.0	0.67697	-0.03632	-0.03537	-0.73422
 None	0.1045	0.0034	1.0249	0.0	0.0	0.0	0.159	-5.806	-94.647	38.24	-416	-34	-207	114.378872	23.21537333	4.49	0.0	0.67697	-0.03632	-0.03537	-0.73422
 None	0.1045	0.0034	1.0249	0.0	0.0	0.0	0.159	-5.806	-94.647	38.24	-416	-34	-207	114.378872	23.21537333	4.49	0.0	0.67697	-0.03632	-0.03537	-0.73422
 None	0.1045	0.0034	1.0249	0.0	0.0	0.0	0.159	-5.806	-94.647	38.24	-416	-34	-207	114.378872	23.21537333	4.49	0.0	0.67697	-0.03632	-0.03537	-0.73422
 None	0.1045	0.0034	1.0249	0.0	0.0	0.0	0.159	-5.806	-94.647	38.24	-416	-34	-207	114.378872	23.21537333	4.49	0.0	0.677	-0.03632	-0.03537	-0.73419
 None	0.1045	0.0034	1.0244	0.0	0.0	0.0	0.159	-5.812	-94.658	38.23	-417	-34	-205	114.378872	23.21537333	4.49	0.0	0.677	-0.03632	-0.03537	-0.73419
 None	0.1045	0.0034	1.0244	0.0	0.0	0.0	0.159	-5.812	-94.658	38.23	-417	-34	-205	114.378872	23.21537333	4.49	0.0	0.677	-0.03632	-0.03537	-0.73419
 None	0.1045	0.0034	1.0244	0.0	0.0	0.0	0.159	-5.812	-94.658	38.23	-417	-34	-205	114.378872	23.21537333	4.49	0.0	0.677	-0.03632	-0.03537	-0.73419
 None	0.1045	0.0034	1.0244	0.0	0.0	0.0	0.159	-5.812	-94.658	38.23	-417	-34	-205	114.378872	23.21537333	4.49	0.0	0.67694	-0.03632	-0.03537	-0.73425
 None	0.1045	0.0029	1.0254	0.0	0.0	0.0	0.159	-5.812	-94.669	38.17	-416	-34	-209	114.378872	23.21537333	4.49	0.0	0.67694	-0.03632	-0.03537	-0.73425
 None	0.1045	0.0029	1.0254	0.0	0.0	0.0	0.159	-5.812	-94.669	38.17	-416	-34	-209	114.378872	23.21537333	4.49	0.0	0.67694	-0.03632	-0.03537	-0.73425
 None	0.1045	0.0029	1.0254	0.0	0.0	0.0	0.159	-5.812	-94.669	38.17	-416	-34	-209	114.378872	23.21537333	4.49	0.0	0.67694	-0.03632	-0.03537	-0.73425
 None	0.1045	0.0029	1.0254	0.0	0.0	0.0	0.159	-5.812	-94.669	38.17	-416	-34	-209	114.378872	23.21537333	4.49	0.0	0.67685	-0.03632	-0.0354	-0.73434
 None	0.104	0.0029	1.0259	0.0	0.0	0.0	0.159	-5.812	-94.68	38.23	-415	-35	-206	114.378872	23.21537333	4.49	0.0	0.67685	-0.03632	-0.0354	-0.73434
 None	0.104	0.0029	1.0259	0.0	0.0	0.0	0.159	-5.812	-94.68	38.23	-415	-35	-206	114.378872	23.21537333	4.49	0.0	0.67685	-0.03632	-0.0354	-0.73434
 None	0.104	0.0029	1.0259	0.0	0.0	0.0	0.159	-5.812	-94.68	38.23	-415	-35	-206	114.378872	23.21537333	4.49	0.0	0.67685	-0.03632	-0.0354	-0.73434
 None	0.104	0.0029	1.0259	0.0	0.0	0.0	0.159	-5.812	-94.68	38.23	-415	-35	-206	114.378872	23.21537333	4.49	0.0	0.67679	-0.03632	-0.03537	-0.73441
 None	0.1045	0.0029	1.0259	0.0	0.0	0.0	0.159	-5.812	-94.702	38.27	-416	-34	-207	114.378872	23.21537333	4.49	0.0	0.67679	-0.03632	-0.03537	-0.73441
 None	0.1045	0.0029	1.0259	0.0	0.0	0.0	0.159	-5.812	-94.702	38.27	-416	-34	-207	114.378872	23.21537333	4.49	0.0	0.67679	-0.03632	-0.03537	-0.73441
 None	0.1045	0.0029	1.0259	0.0	0.0	0.0	0.159	-5.812	-94.702	38.27	-416	-34	-207	114.378872	23.21537333	4.49	0.0	0.67679	-0.03632	-0.03537	-0.73441
 None	0.1045	0.0029	1.0259	0.0	0.0	0.0	0.159	-5.812	-94.702	38.27	-416	-34	-207	114.378872	23.21537333	4.49	0.0	0.67667	-0.03632	-0.03537	-0.7345
 None	0.104	0.0024	1.0254	0.0	0.0	0.0	0.159	-5.812	-94.697	38.29	-417	-31	-207	114.378872	23.21537333	4.49	0.0	0.67667	-0.03632	-0.03537	-0.7345
 None	0.104	0.0024	1.0254	0.0	0.0	0.0	0.159	-5.812	-94.697	38.29	-417	-31	-207	114.378832	23.21512267	4.49	0.0	0.67667	-0.03632	-0.03537	-0.7345
 None	0.104	0.0024	1.0254	0.0	0.0	0.0	0.159	-5.812	-94.697	38.29	-417	-31	-207	114.378832	23.21512267	4.49	0.0	0.67667	-0.03632	-0.03537	-0.7345
 None	0.104	0.0024	1.0254	0.0	0.0	0.0	0.159	-5.812	-94.697	38.29	-417	-31	-207	114.378832	23.21512267	4.49	0.0	0.6767	-0.03632	-0.03537	-0.7345
 None	0.1045	0.0029	1.0259	0.0	0.0	0.0	0.159	-5.806	-94.686	38.21	-417	-32	-204	114.378832	23.21512267	4.49	0.0	0.6767	-0.03632	-0.03537	-0.7345
 None	0.1045	0.0029	1.0259	0.0	0.0	0.0	0.159	-5.806	-94.686	38.21	-417	-32	-204	114.378832	23.21512267	4.49	0.0	0.6767	-0.03632	-0.03537	-0.7345
 None	0.1045	0.0029	1.0259	0.0	0.0	0.0	0.159	-5.806	-94.686	38.21	-417	-32	-204	114.378832	23.21512267	4.49	0.0	0.6767	-0.03632	-0.03537	-0.7345
 None	0.1045	0.0029	1.0259	0.0	0.0	0.0	0.159	-5.806	-94.686	38.21	-417	-32	-204	114.378832	23.21512267	4.49	0.0	0.67676	-0.03632	-0.03537	-0.73441
 None	0.1045	0.0029	1.0259	0.0	0.0	0.0	0.159	-5.812	-94.686	38.2	-415	-35	-206	114.378832	23.21512267	4.49	0.0	0.67676	-0.03632	-0.03537	-0.73441
 None	0.1045	0.0029	1.0259	0.0	0.0	0.0	0.159	-5.812	-94.686	38.2	-415	-35	-206	114.378832	23.21512267	4.49	0.0	0.67676	-0.03632	-0.03537	-0.73441
 None	0.1045	0.0029	1.0259	0.0	0.0	0.0	0.159	-5.812	-94.686	38.2	-415	-35	-206	114.378832	23.21512267	4.49	0.0	0.67676	-0.03632	-0.03537	-0.73441
 None	0.1045	0.0029	1.0259	0.0	0.0	0.0	0.159	-5.812	-94.686	38.2	-415	-35	-206	114.378832	23.21512267	4.49	0.0	0.67676	-0.03632	-0.03537	-0.73444
 None	0.1045	0.0024	1.0254	0.0	0.0	0.0	0.159	-5.812	-94.702	38.16	-417	-35	-207	114.378832	23.21512267	4.49	0.0	0.67676	-0.03632	-0.03537	-0.73444
 None	0.1045	0.0024	1.0254	0.0	0.0	0.0	0.159	-5.812	-94.702	38.16	-417	-35	-207	114.378832	23.21512267	4.49	0.0	0.67676	-0.03632	-0.03537	-0.73444
 None	0.1045	0.0024	1.0254	0.0	0.0	0.0	0.159	-5.812	-94.702	38.16	-417	-35	-207	114.378832	23.21512267	4.49	0.0	0.67676	-0.03632	-0.03537	-0.73444
 None	0.1045	0.0024	1.0254	0.0	0.0	0.0	0.159	-5.812	-94.702	38.16	-417	-35	-207	114.378832	23.21512267	4.49	0.0	0.67664	-0.03632	-0.03537	-0.73453
 None	0.1045	0.0024	1.0254	0.0	0.0	0.0	0.159	-5.812	-94.713	38.25	-415	-30	-208	114.378832	23.21512267	4.49	0.0	0.67664	-0.03632	-0.03537	-0.73453
 None	0.1045	0.0024	1.0254	0.0	0.0	0.0	0.159	-5.812	-94.713	38.25	-415	-30	-208	114.378832	23.21512267	4.49	0.0	0.67664	-0.03632	-0.03537	-0.73453
 None	0.1045	0.0024	1.0254	0.0	0.0	0.0	0.159	-5.812	-94.713	38.25	-415	-30	-208	114.378832	23.21512267	4.49	0.0	0.67664	-0.03632	-0.03537	-0.73453
 None	0.1045	0.0024	1.0254	0.0	0.0	0.0	0.159	-5.812	-94.713	38.25	-415	-30	-208	114.378832	23.21512267	4.49	0.0	0.67661	-0.03635	-0.03537	-0.73459
 None	0.1045	0.0029	1.0254	0.0	0.0	0.0	0.154	-5.812	-94.691	38.21	-414	-30	-205	114.378832	23.21512267	4.49	0.0	0.67661	-0.03635	-0.03537	-0.73459
 None	0.1045	0.0029	1.0254	0.0	0.0	0.0	0.154	-5.812	-94.691	38.21	-414	-30	-205	114.378832	23.21512267	4.49	0.0	0.67661	-0.03635	-0.03537	-0.73459
 None	0.1045	0.0029	1.0254	0.0	0.0	0.0	0.154	-5.812	-94.691	38.21	-414	-30	-205	114.378832	23.21512267	4.49	0.0	0.67661	-0.03635	-0.03537	-0.73459
 None	0.1045	0.0029	1.0254	0.0	0.0	0.0	0.154	-5.812	-94.691	38.21	-414	-30	-205	114.378832	23.21512267	4.49	0.0	0.6767	-0.03635	-0.03537	-0.73447
 None	0.104	0.0029	1.0259	0.0	0.0	0.0	0.154	-5.812	-94.68	38.24	-418	-32	-209	114.378832	23.21512267	4.49	0.0	0.6767	-0.03635	-0.03537	-0.73447
 None	0.104	0.0029	1.0259	0.0	0.0	0.0	0.154	-5.812	-94.68	38.24	-418	-32	-209	114.378832	23.21512267	4.49	0.0	0.6767	-0.03635	-0.03537	-0.73447
 None	0.104	0.0029	1.0259	0.0	0.0	0.0	0.154	-5.812	-94.68	38.24	-418	-32	-209	114.378832	23.21512267	4.49	0.0	0.6767	-0.03635	-0.03537	-0.73447
 None	0.104	0.0029	1.0259	0.0	0.0	0.0	0.154	-5.812	-94.68	38.24	-418	-32	-209	114.378832	23.21512267	4.49	0.0	0.67679	-0.03635	-0.03537	-0.73441
 None	0.104	0.0029	1.0259	0.0	0.0	0.0	0.159	-5.812	-94.675	38.23	-415	-31	-207	114.378832	23.21512267	4.49	0.0	0.67679	-0.03635	-0.03537	-0.73441
 None	0.104	0.0029	1.0259	0.0	0.0	0.0	0.159	-5.812	-94.675	38.23	-415	-31	-207	114.378832	23.21512267	4.49	0.0	0.67679	-0.03635	-0.03537	-0.73441
 None	0.104	0.0029	1.0259	0.0	0.0	0.0	0.159	-5.812	-94.675	38.23	-415	-31	-207	114.378832	23.21512267	4.49	0.0	0.67679	-0.03635	-0.03537	-0.73441
 None	0.104	0.0029	1.0259	0.0	0.0	0.0	0.159	-5.812	-94.675	38.23	-415	-31	-207	114.378832	23.21512267	4.49	0.0	0.67682	-0.03632	-0.03537	-0.73438
 None	0.104	0.0034	1.0259	0.0	0.0	0.0	0.159	-5.812	-94.669	38.27	-416	-33	-207	114.378832	23.21512267	4.49	0.0	0.67682	-0.03632	-0.03537	-0.73438
 None	0.104	0.0034	1.0259	0.0	0.0	0.0	0.159	-5.812	-94.669	38.27	-416	-33	-207	114.378832	23.21512267	4.49	0.0	0.67682	-0.03632	-0.03537	-0.73438
 None	0.104	0.0034	1.0259	0.0	0.0	0.0	0.159	-5.812	-94.669	38.27	-416	-33	-207	114.378832	23.21512267	4.49	0.0	0.67682	-0.03632	-0.03537	-0.73438
 None	0.104	0.0034	1.0259	0.0	0.0	0.0	0.159	-5.812	-94.669	38.27	-416	-33	-207	114.378832	23.21512267	4.49	0.0	0.67688	-0.03632	-0.03537	-0.73431
 None	0.1045	0.0034	1.0259	0.0	0.0	0.0	0.159	-5.812	-94.675	38.27	-417	-34	-209	114.378832	23.21512267	4.49	0.0	0.67688	-0.03632	-0.03537	-0.73431
 None	0.1045	0.0034	1.0259	0.0	0.0	0.0	0.159	-5.812	-94.675	38.27	-417	-34	-209	114.378832	23.21512267	4.49	0.0	0.67688	-0.03632	-0.03537	-0.73431
 None	0.1045	0.0034	1.0259	0.0	0.0	0.0	0.159	-5.812	-94.675	38.27	-417	-34	-209	114.378832	23.21512267	4.49	0.0	0.67688	-0.03632	-0.03537	-0.73431
 None	0.1045	0.0034	1.0259	0.0	0.0	0.0	0.159	-5.812	-94.675	38.27	-417	-34	-209	114.378832	23.21512267	4.49	0.0	0.67685	-0.03632	-0.03537	-0.73434
 None	0.1045	0.0029	1.0249	0.0	0.0	0.0	0.159	-5.812	-94.686	38.19	-418	-34	-207	114.378832	23.21512267	4.49	0.0	0.67685	-0.03632	-0.03537	-0.73434
 None	0.1045	0.0029	1.0249	0.0	0.0	0.0	0.159	-5.812	-94.686	38.19	-418	-34	-207	114.378792	23.21484773	4.49	0.0	0.67685	-0.03632	-0.03537	-0.73434
 None	0.1045	0.0029	1.0249	0.0	0.0	0.0	0.159	-5.812	-94.686	38.19	-418	-34	-207	114.378792	23.21484773	4.49	0.0	0.67685	-0.03632	-0.03537	-0.73434
 None	0.1045	0.0029	1.0249	0.0	0.0	0.0	0.159	-5.812	-94.686	38.19	-418	-34	-207	114.378792	23.21484773	4.49	0.0	0.67676	-0.03632	-0.03537	-0.73444
 None	0.104	0.0029	1.0249	0.0	0.0	0.0	0.159	-5.806	-94.708	38.24	-416	-34	-207	114.378792	23.21484773	4.49	0.0	0.67676	-0.03632	-0.03537	-0.73444
 None	0.104	0.0029	1.0249	0.0	0.0	0.0	0.159	-5.806	-94.708	38.24	-416	-34	-207	114.378792	23.21484773	4.49	0.0	0.67676	-0.03632	-0.03537	-0.73444
 None	0.104	0.0029	1.0249	0.0	0.0	0.0	0.159	-5.806	-94.708	38.24	-416	-34	-207	114.378792	23.21484773	4.49	0.0	0.67676	-0.03632	-0.03537	-0.73444
 None	0.104	0.0029	1.0249	0.0	0.0	0.0	0.159	-5.806	-94.708	38.24	-416	-34	-207	114.378792	23.21484773	4.49	0.0	0.67664	-0.03632	-0.03537	-0.73453
 None	0.104	0.0029	1.0254	0.0	0.0	0.0	0.159	-5.806	-94.713	38.19	-415	-35	-209	114.378792	23.21484773	4.49	0.0	0.67664	-0.03632	-0.03537	-0.73453
 None	0.104	0.0029	1.0254	0.0	0.0	0.0	0.159	-5.806	-94.713	38.19	-415	-35	-209	114.378792	23.21484773	4.49	0.0	0.67664	-0.03632	-0.03537	-0.73453
 None	0.104	0.0029	1.0254	0.0	0.0	0.0	0.159	-5.806	-94.713	38.19	-415	-35	-209	114.378792	23.21484773	4.49	0.0	0.67664	-0.03632	-0.03537	-0.73453
 None	0.104	0.0029	1.0254	0.0	0.0	0.0	0.159	-5.806	-94.713	38.19	-415	-35	-209	114.378792	23.21484773	4.49	0.0	0.67657	-0.03632	-0.03534	-0.73462
 None	0.1045	0.0029	1.0259	0.0	0.0	0.0	0.159	-5.806	-94.724	38.25	-416	-33	-208	114.378792	23.21484773	4.49	0.0	0.67657	-0.03632	-0.03534	-0.73462
 None	0.1045	0.0029	1.0259	0.0	0.0	0.0	0.159	-5.806	-94.724	38.25	-416	-33	-208	114.378792	23.21484773	4.49	0.0	0.67657	-0.03632	-0.03534	-0.73462
 None	0.1045	0.0029	1.0259	0.0	0.0	0.0	0.159	-5.806	-94.724	38.25	-416	-33	-208	114.378792	23.21484773	4.49	0.0	0.67657	-0.03632	-0.03534	-0.73462
 None	0.1045	0.0029	1.0259	0.0	0.0	0.0	0.159	-5.806	-94.724	38.25	-416	-33	-208	114.378792	23.21484773	4.49	0.0	0.67651	-0.03632	-0.03534	-0.73465
 None	0.105	0.0024	1.0259	0.0	0.0	0.0	0.159	-5.806	-94.708	38.27	-416	-31	-208	114.378792	23.21484773	4.49	0.0	0.67651	-0.03632	-0.03534	-0.73465
 None	0.105	0.0024	1.0259	0.0	0.0	0.0	0.159	-5.806	-94.708	38.27	-416	-31	-208	114.378792	23.21484773	4.49	0.0	0.67651	-0.03632	-0.03534	-0.73465
 None	0.105	0.0024	1.0259	0.0	0.0	0.0	0.159	-5.806	-94.708	38.27	-416	-31	-208	114.378792	23.21484773	4.49	0.0	0.67651	-0.03632	-0.03534	-0.73465
 None	0.105	0.0024	1.0259	0.0	0.0	0.0	0.159	-5.806	-94.708	38.27	-416	-31	-208	114.378792	23.21484773	4.49	0.0	0.67661	-0.03632	-0.03537	-0.73456
 None	0.105	0.0029	1.0259	0.0	0.0	0.0	0.159	-5.812	-94.686	38.21	-417	-31	-207	114.378792	23.21484773	4.49	0.0	0.67661	-0.03632	-0.03537	-0.73456
 None	0.105	0.0029	1.0259	0.0	0.0	0.0	0.159	-5.812	-94.686	38.21	-417	-31	-207	114.378792	23.21484773	4.49	0.0	0.67661	-0.03632	-0.03537	-0.73456
 None	0.105	0.0029	1.0259	0.0	0.0	0.0	0.159	-5.812	-94.686	38.21	-417	-31	-207	114.378792	23.21484773	4.49	0.0	0.67661	-0.03632	-0.03537	-0.73456
 None	0.105	0.0029	1.0259	0.0	0.0	0.0	0.159	-5.812	-94.686	38.21	-417	-31	-207	114.378792	23.21484773	4.49	0.0	0.67676	-0.03632	-0.03537	-0.73441
 None	0.104	0.0029	1.0259	0.0	0.0	0.0	0.159	-5.812	-94.691	38.21	-415	-35	-206	114.378792	23.21484773	4.49	0.0	0.67676	-0.03632	-0.03537	-0.73441
 None	0.104	0.0029	1.0259	0.0	0.0	0.0	0.159	-5.812	-94.691	38.21	-415	-35	-206	114.378792	23.21484773	4.49	0.0	0.67676	-0.03632	-0.03537	-0.73441
 None	0.104	0.0029	1.0259	0.0	0.0	0.0	0.159	-5.812	-94.691	38.21	-415	-35	-206	114.378792	23.21484773	4.49	0.0	0.67676	-0.03632	-0.03537	-0.73441
 None	0.104	0.0029	1.0259	0.0	0.0	0.0	0.159	-5.812	-94.691	38.21	-415	-35	-206	114.378792	23.21484773	4.49	0.0	0.67673	-0.03632	-0.03537	-0.73444
 None	0.104	0.0029	1.0264	0.0	0.0	0.0	0.159	-5.806	-94.702	38.18	-418	-34	-209	114.378792	23.21484773	4.49	0.0	0.67673	-0.03632	-0.03537	-0.73444
 None	0.104	0.0029	1.0264	0.0	0.0	0.0	0.159	-5.806	-94.702	38.18	-418	-34	-209	114.378792	23.21484773	4.49	0.0	0.67673	-0.03632	-0.03537	-0.73444
 None	0.104	0.0029	1.0264	0.0	0.0	0.0	0.159	-5.806	-94.702	38.18	-418	-34	-209	114.378792	23.21484773	4.49	0.0	0.67673	-0.03632	-0.03537	-0.73444
 None	0.104	0.0029	1.0264	0.0	0.0	0.0	0.159	-5.806	-94.702	38.18	-418	-34	-209	114.378792	23.21484773	4.49	0.0	0.67664	-0.03632	-0.03537	-0.73453
 None	0.104	0.0029	1.0264	0.0	0.0	0.0	0.159	-5.806	-94.691	38.22	-414	-31	-208	114.378792	23.21484773	4.49	0.0	0.67664	-0.03632	-0.03537	-0.73453
 None	0.104	0.0029	1.0264	0.0	0.0	0.0	0.159	-5.806	-94.691	38.22	-414	-31	-208	114.378792	23.21484773	4.49	0.0	0.67664	-0.03632	-0.03537	-0.73453
 None	0.104	0.0029	1.0264	0.0	0.0	0.0	0.159	-5.806	-94.691	38.22	-414	-31	-208	114.378792	23.21484773	4.49	0.0	0.67664	-0.03632	-0.03537	-0.73453
 None	0.104	0.0029	1.0264	0.0	0.0	0.0	0.159	-5.806	-94.691	38.22	-414	-31	-208	114.378792	23.21484773	4.49	0.0	0.67673	-0.03632	-0.03537	-0.73447
 None	0.104	0.0029	1.0259	0.0	0.0	0.0	0.159	-5.806	-94.697	38.2	-416	-32	-207	114.378792	23.21484773	4.49	0.0	0.67673	-0.03632	-0.03537	-0.73447
 None	0.104	0.0029	1.0259	0.0	0.0	0.0	0.159	-5.806	-94.697	38.2	-416	-32	-207	114.378792	23.21484773	4.49	0.0	0.67673	-0.03632	-0.03537	-0.73447
 None	0.104	0.0029	1.0259	0.0	0.0	0.0	0.159	-5.806	-94.697	38.2	-416	-32	-207	114.378792	23.21484773	4.49	0.0	0.67673	-0.03632	-0.03537	-0.73447
 None	0.104	0.0029	1.0259	0.0	0.0	0.0	0.159	-5.806	-94.697	38.2	-416	-32	-207	114.378792	23.21484773	4.49	0.0	0.6767	-0.03629	-0.03534	-0.7345
 None	0.1045	0.0029	1.0259	0.0	0.0	0.0	0.159	-5.806	-94.697	38.21	-415	-33	-208	114.378792	23.21484773	4.49	0.0	0.6767	-0.03629	-0.03534	-0.7345
 None	0.1045	0.0029	1.0259	0.0	0.0	0.0	0.159	-5.806	-94.697	38.21	-415	-33	-208	114.378744	23.21453333	4.49	0.0	0.6767	-0.03629	-0.03534	-0.7345
 None	0.1045	0.0029	1.0259	0.0	0.0	0.0	0.159	-5.806	-94.697	38.21	-415	-33	-208	114.378744	23.21453333	4.49	0.0	0.6767	-0.03629	-0.03534	-0.7345
 None	0.1045	0.0029	1.0259	0.0	0.0	0.0	0.159	-5.806	-94.697	38.21	-415	-33	-208	114.378744	23.21453333	4.49	0.0	0.6767	-0.03629	-0.03534	-0.73447
 None	0.1045	0.0029	1.0259	0.0	0.0	0.0	0.159	-5.806	-94.697	38.26	-418	-34	-209	114.378744	23.21453333	4.49	0.0	0.6767	-0.03629	-0.03534	-0.73447
 None	0.1045	0.0029	1.0259	0.0	0.0	0.0	0.159	-5.806	-94.697	38.26	-418	-34	-209	114.378744	23.21453333	4.49	0.0	0.6767	-0.03629	-0.03534	-0.73447
 None	0.1045	0.0029	1.0259	0.0	0.0	0.0	0.159	-5.806	-94.697	38.26	-418	-34	-209	114.378744	23.21453333	4.49	0.0	0.6767	-0.03629	-0.03534	-0.73447
 None	0.1045	0.0029	1.0259	0.0	0.0	0.0	0.159	-5.806	-94.697	38.26	-418	-34	-209	114.378744	23.21453333	4.49	0.0	0.6767	-0.03629	-0.03534	-0.7345
 None	0.1045	0.0029	1.0259	0.0	0.0	0.0	0.159	-5.806	-94.702	38.25	-416	-34	-209	114.378744	23.21453333	4.49	0.0	0.6767	-0.03629	-0.03534	-0.7345
 None	0.1045	0.0029	1.0259	0.0	0.0	0.0	0.159	-5.806	-94.702	38.25	-416	-34	-209	114.378744	23.21453333	4.49	0.0	0.6767	-0.03629	-0.03534	-0.7345
 None	0.1045	0.0029	1.0259	0.0	0.0	0.0	0.159	-5.806	-94.702	38.25	-416	-34	-209	114.378744	23.21453333	4.49	0.0	0.6767	-0.03629	-0.03534	-0.7345
 None	0.1045	0.0029	1.0259	0.0	0.0	0.0	0.159	-5.806	-94.702	38.25	-416	-34	-209	114.378744	23.21453333	4.49	0.0	0.67664	-0.03629	-0.03534	-0.73453
 None	0.105	0.0029	1.0254	0.0	0.0	0.0	0.159	-5.806	-94.708	38.24	-419	-35	-209	114.378744	23.21453333	4.49	0.0	0.67664	-0.03629	-0.03534	-0.73453
 None	0.105	0.0029	1.0254	0.0	0.0	0.0	0.159	-5.806	-94.708	38.24	-419	-35	-209	114.378744	23.21453333	4.49	0.0	0.67664	-0.03629	-0.03534	-0.73453
 None	0.105	0.0029	1.0254	0.0	0.0	0.0	0.159	-5.806	-94.708	38.24	-419	-35	-209	114.378744	23.21453333	4.49	0.0	0.67664	-0.03629	-0.03534	-0.73453
 None	0.105	0.0029	1.0254	0.0	0.0	0.0	0.159	-5.806	-94.708	38.24	-419	-35	-209	114.378744	23.21453333	4.49	0.0	0.67664	-0.03632	-0.03537	-0.73456
 None	0.105	0.0034	1.0254	0.0	0.0	0.0	0.159	-5.812	-94.719	38.18	-419	-35	-210	114.378744	23.21453333	4.49	0.0	0.67664	-0.03632	-0.03537	-0.73456
 None	0.105	0.0034	1.0254	0.0	0.0	0.0	0.159	-5.812	-94.719	38.18	-419	-35	-210	114.378744	23.21453333	4.49	0.0	0.67664	-0.03632	-0.03537	-0.73456
 None	0.105	0.0034	1.0254	0.0	0.0	0.0	0.159	-5.812	-94.719	38.18	-419	-35	-210	114.378744	23.21453333	4.49	0.0	0.67664	-0.03632	-0.03537	-0.73456
 None	0.105	0.0034	1.0254	0.0	0.0	0.0	0.159	-5.812	-94.719	38.18	-419	-35	-210	114.378744	23.21453333	4.49	0.0	0.67654	-0.03632	-0.03537	-0.73462
 None	0.105	0.0029	1.0259	0.0	0.0	0.0	0.165	-5.812	-94.713	38.22	-418	-33	-206	114.378744	23.21453333	4.49	0.0	0.67654	-0.03632	-0.03537	-0.73462
 None	0.105	0.0029	1.0259	0.0	0.0	0.0	0.165	-5.812	-94.713	38.22	-418	-33	-206	114.378744	23.21453333	4.49	0.0	0.67654	-0.03632	-0.03537	-0.73462
 None	0.105	0.0029	1.0259	0.0	0.0	0.0	0.165	-5.812	-94.713	38.22	-418	-33	-206	114.378744	23.21453333	4.49	0.0	0.67654	-0.03632	-0.03537	-0.73462
 None	0.105	0.0029	1.0259	0.0	0.0	0.0	0.165	-5.812	-94.713	38.22	-418	-33	-206	114.378744	23.21453333	4.49	0.0	0.67661	-0.03632	-0.0354	-0.73459
 None	0.1045	0.0029	1.0254	0.0	0.0	0.0	0.159	-5.812	-94.697	38.28	-417	-31	-206	114.378744	23.21453333	4.49	0.0	0.67661	-0.03632	-0.0354	-0.73459
 None	0.1045	0.0029	1.0254	0.0	0.0	0.0	0.159	-5.812	-94.697	38.28	-417	-31	-206	114.378744	23.21453333	4.49	0.0	0.67661	-0.03632	-0.0354	-0.73459
 None	0.1045	0.0029	1.0254	0.0	0.0	0.0	0.159	-5.812	-94.697	38.28	-417	-31	-206	114.378744	23.21453333	4.49	0.0	0.67661	-0.03632	-0.0354	-0.73459
 None	0.1045	0.0029	1.0254	0.0	0.0	0.0	0.159	-5.812	-94.697	38.28	-417	-31	-206	114.378744	23.21453333	4.49	0.0	0.6767	-0.03632	-0.0354	-0.7345
 None	0.104	0.0029	1.0249	0.0	0.0	0.0	0.159	-5.812	-94.68	38.28	-420	-33	-209	114.378744	23.21453333	4.49	0.0	0.6767	-0.03632	-0.0354	-0.7345
 None	0.104	0.0029	1.0249	0.0	0.0	0.0	0.159	-5.812	-94.68	38.28	-420	-33	-209	114.378744	23.21453333	4.49	0.0	0.6767	-0.03632	-0.0354	-0.7345
 None	0.104	0.0029	1.0249	0.0	0.0	0.0	0.159	-5.812	-94.68	38.28	-420	-33	-209	114.378744	23.21453333	4.49	0.0	0.6767	-0.03632	-0.0354	-0.7345
 None	0.104	0.0029	1.0249	0.0	0.0	0.0	0.159	-5.812	-94.68	38.28	-420	-33	-209	114.378744	23.21453333	4.49	0.0	0.67679	-0.03632	-0.0354	-0.73441
 None	0.104	0.0029	1.0249	0.0	0.0	0.0	0.159	-5.812	-94.669	38.23	-415	-32	-206	114.378744	23.21453333	4.49	0.0	0.67679	-0.03632	-0.0354	-0.73441
 None	0.104	0.0029	1.0249	0.0	0.0	0.0	0.159	-5.812	-94.669	38.23	-415	-32	-206	114.378744	23.21453333	4.49	0.0	0.67679	-0.03632	-0.0354	-0.73441
 None	0.104	0.0029	1.0249	0.0	0.0	0.0	0.159	-5.812	-94.669	38.23	-415	-32	-206	114.378744	23.21453333	4.49	0.0	0.67679	-0.03632	-0.0354	-0.73441
 None	0.104	0.0029	1.0249	0.0	0.0	0.0	0.159	-5.812	-94.669	38.23	-415	-32	-206	114.378744	23.21453333	4.49	0.0	0.67685	-0.03632	-0.0354	-0.73434
 None	0.104	0.0034	1.0249	0.0	0.0	0.0	0.165	-5.812	-94.669	38.23	-415	-33	-209	114.378744	23.21453333	4.49	0.0	0.67685	-0.03632	-0.0354	-0.73434
 None	0.104	0.0034	1.0249	0.0	0.0	0.0	0.165	-5.812	-94.669	38.23	-415	-33	-209	114.378744	23.21453333	4.49	0.0	0.67685	-0.03632	-0.0354	-0.73434
 None	0.104	0.0034	1.0249	0.0	0.0	0.0	0.165	-5.812	-94.669	38.23	-415	-33	-209	114.378744	23.21453333	4.49	0.0	0.67685	-0.03632	-0.0354	-0.73434
 None	0.104	0.0034	1.0249	0.0	0.0	0.0	0.165	-5.812	-94.669	38.23	-415	-33	-209	114.378744	23.21453333	4.49	0.0	0.67685	-0.03629	-0.0354	-0.73434
 None	0.1045	0.0029	1.0249	0.0	0.0	0.0	0.165	-5.812	-94.664	38.21	-416	-32	-208	114.378744	23.21453333	4.49	0.0	0.67685	-0.03629	-0.0354	-0.73434
 None	0.1045	0.0029	1.0249	0.0	0.0	0.0	0.165	-5.812	-94.664	38.21	-416	-32	-208	114.37869867	23.21421333	4.49	0.0	0.67685	-0.03629	-0.0354	-0.73434
 None	0.1045	0.0029	1.0249	0.0	0.0	0.0	0.165	-5.812	-94.664	38.21	-416	-32	-208	114.37869867	23.21421333	4.49	0.0	0.67685	-0.03629	-0.0354	-0.73434
 None	0.1045	0.0029	1.0249	0.0	0.0	0.0	0.165	-5.812	-94.664	38.21	-416	-32	-208	114.37869867	23.21421333	4.49	0.0	0.67691	-0.03629	-0.0354	-0.73428
 None	0.1045	0.0024	1.0254	0.0	0.0	0.0	0.165	-5.812	-94.675	38.25	-414	-33	-208	114.37869867	23.21421333	4.49	0.0	0.67691	-0.03629	-0.0354	-0.73428
 None	0.1045	0.0024	1.0254	0.0	0.0	0.0	0.165	-5.812	-94.675	38.25	-414	-33	-208	114.37869867	23.21421333	4.49	0.0	0.67691	-0.03629	-0.0354	-0.73428
 None	0.1045	0.0024	1.0254	0.0	0.0	0.0	0.165	-5.812	-94.675	38.25	-414	-33	-208	114.37869867	23.21421333	4.49	0.0	0.67691	-0.03629	-0.0354	-0.73428
 None	0.1045	0.0024	1.0254	0.0	0.0	0.0	0.165	-5.812	-94.675	38.25	-414	-33	-208	114.37869867	23.21421333	4.49	0.0	0.67682	-0.03629	-0.0354	-0.73438
 None	0.1045	0.0029	1.0254	0.0	0.0	0.0	0.165	-5.812	-94.68	38.16	-416	-34	-207	114.37869867	23.21421333	4.49	0.0	0.67682	-0.03629	-0.0354	-0.73438
 None	0.1045	0.0029	1.0254	0.0	0.0	0.0	0.165	-5.812	-94.68	38.16	-416	-34	-207	114.37869867	23.21421333	4.49	0.0	0.67682	-0.03629	-0.0354	-0.73438
 None	0.1045	0.0029	1.0254	0.0	0.0	0.0	0.165	-5.812	-94.68	38.16	-416	-34	-207	114.37869867	23.21421333	4.49	0.0	0.67682	-0.03629	-0.0354	-0.73438
 None	0.1045	0.0029	1.0254	0.0	0.0	0.0	0.165	-5.812	-94.68	38.16	-416	-34	-207	114.37869867	23.21421333	4.49	0.0	0.67682	-0.03632	-0.0354	-0.73438
 None	0.104	0.0034	1.0259	0.0	0.0	0.0	0.165	-5.812	-94.691	38.28	-411	-33	-205	114.37869867	23.21421333	4.49	0.0	0.67682	-0.03632	-0.0354	-0.73438
 None	0.104	0.0034	1.0259	0.0	0.0	0.0	0.165	-5.812	-94.691	38.28	-411	-33	-205	114.37869867	23.21421333	4.49	0.0	0.67682	-0.03632	-0.0354	-0.73438
 None	0.104	0.0034	1.0259	0.0	0.0	0.0	0.165	-5.812	-94.691	38.28	-411	-33	-205	114.37869867	23.21421333	4.49	0.0	0.67682	-0.03632	-0.0354	-0.73438
 None	0.104	0.0034	1.0259	0.0	0.0	0.0	0.165	-5.812	-94.691	38.28	-411	-33	-205	114.37869867	23.21421333	4.49	0.0	0.6767	-0.03629	-0.0354	-0.73447
 None	0.1045	0.0029	1.0259	0.0	0.0	0.0	0.165	-5.806	-94.68	38.23	-416	-31	-208	114.37869867	23.21421333	4.49	0.0	0.6767	-0.03629	-0.0354	-0.73447
 None	0.1045	0.0029	1.0259	0.0	0.0	0.0	0.165	-5.806	-94.68	38.23	-416	-31	-208	114.37869867	23.21421333	4.49	0.0	0.6767	-0.03629	-0.0354	-0.73447
 None	0.1045	0.0029	1.0259	0.0	0.0	0.0	0.165	-5.806	-94.68	38.23	-416	-31	-208	114.37869867	23.21421333	4.49	0.0	0.6767	-0.03629	-0.0354	-0.73447
 None	0.1045	0.0029	1.0259	0.0	0.0	0.0	0.165	-5.806	-94.68	38.23	-416	-31	-208	114.37869867	23.21421333	4.49	0.0	0.67679	-0.03629	-0.0354	-0.73441
 None	0.1045	0.0029	1.0259	0.0	0.0	0.0	0.165	-5.806	-94.675	38.27	-416	-33	-205	114.37869867	23.21421333	4.49	0.0	0.67679	-0.03629	-0.0354	-0.73441
 None	0.1045	0.0029	1.0259	0.0	0.0	0.0	0.165	-5.806	-94.675	38.27	-416	-33	-205	114.37869867	23.21421333	4.49	0.0	0.67679	-0.03629	-0.0354	-0.73441
 None	0.1045	0.0029	1.0259	0.0	0.0	0.0	0.165	-5.806	-94.675	38.27	-416	-33	-205	114.37869867	23.21421333	4.49	0.0	0.67679	-0.03629	-0.0354	-0.73441
 None	0.1045	0.0029	1.0259	0.0	0.0	0.0	0.165	-5.806	-94.675	38.27	-416	-33	-205	114.37869867	23.21421333	4.49	0.0	0.67682	-0.03629	-0.0354	-0.73438
 None	0.105	0.0029	1.0259	0.0	0.0	0.0	0.165	-5.812	-94.669	38.23	-413	-31	-205	114.37869867	23.21421333	4.49	0.0	0.67682	-0.03629	-0.0354	-0.73438
 None	0.105	0.0029	1.0259	0.0	0.0	0.0	0.165	-5.812	-94.669	38.23	-413	-31	-205	114.37869867	23.21421333	4.49	0.0	0.67682	-0.03629	-0.0354	-0.73438
 None	0.105	0.0029	1.0259	0.0	0.0	0.0	0.165	-5.812	-94.669	38.23	-413	-31	-205	114.37869867	23.21421333	4.49	0.0	0.67682	-0.03629	-0.0354	-0.73438
 None	0.105	0.0029	1.0259	0.0	0.0	0.0	0.165	-5.812	-94.669	38.23	-413	-31	-205	114.37869867	23.21421333	4.49	0.0	0.67688	-0.03629	-0.0354	-0.73431
 None	0.105	0.0029	1.0259	0.0	0.0	0.0	0.165	-5.812	-94.68	38.28	-415	-36	-207	114.37869867	23.21421333	4.49	0.0	0.67688	-0.03629	-0.0354	-0.73431
 None	0.105	0.0029	1.0259	0.0	0.0	0.0	0.165	-5.812	-94.68	38.28	-415	-36	-207	114.37869867	23.21421333	4.49	0.0	0.67688	-0.03629	-0.0354	-0.73431
 None	0.105	0.0029	1.0259	0.0	0.0	0.0	0.165	-5.812	-94.68	38.28	-415	-36	-207	114.37869867	23.21421333	4.49	0.0	0.67688	-0.03629	-0.0354	-0.73431
 None	0.105	0.0029	1.0259	0.0	0.0	0.0	0.165	-5.812	-94.68	38.28	-415	-36	-207	114.37869867	23.21421333	4.49	0.0	0.67679	-0.03632	-0.03543	-0.73438
 None	0.1045	0.0024	1.0259	0.0	0.0	0.0	0.159	-5.812	-94.697	38.21	-417	-35	-208	114.37869867	23.21421333	4.49	0.0	0.67679	-0.03632	-0.03543	-0.73438
 None	0.1045	0.0024	1.0259	0.0	0.0	0.0	0.159	-5.812	-94.697	38.21	-417	-35	-208	114.37869867	23.21421333	4.49	0.0	0.67679	-0.03632	-0.03543	-0.73438
 None	0.1045	0.0024	1.0259	0.0	0.0	0.0	0.159	-5.812	-94.697	38.21	-417	-35	-208	114.37869867	23.21421333	4.49	0.0	0.67679	-0.03632	-0.03543	-0.73438
 None	0.1045	0.0024	1.0259	0.0	0.0	0.0	0.159	-5.812	-94.697	38.21	-417	-35	-208	114.37869867	23.21421333	4.49	0.0	0.67667	-0.03635	-0.0354	-0.7345
 None	0.104	0.0029	1.0259	0.0	0.0	0.0	0.159	-5.812	-94.702	38.2	-416	-33	-207	114.37869867	23.21421333	4.49	0.0	0.67667	-0.03635	-0.0354	-0.7345
 None	0.104	0.0029	1.0259	0.0	0.0	0.0	0.159	-5.812	-94.702	38.2	-416	-33	-207	114.37869867	23.21421333	4.49	0.0	0.67667	-0.03635	-0.0354	-0.7345
 None	0.104	0.0029	1.0259	0.0	0.0	0.0	0.159	-5.812	-94.702	38.2	-416	-33	-207	114.37869867	23.21421333	4.49	0.0	0.67667	-0.03635	-0.0354	-0.7345
 None	0.104	0.0029	1.0259	0.0	0.0	0.0	0.159	-5.812	-94.702	38.2	-416	-33	-207	114.37869867	23.21421333	4.49	0.0	0.67664	-0.03635	-0.0354	-0.73453
 None	0.104	0.0034	1.0254	0.0	0.0	0.0	0.159	-5.812	-94.713	38.21	-418	-33	-206	114.37869867	23.21421333	4.49	0.0	0.67664	-0.03635	-0.0354	-0.73453
 None	0.104	0.0034	1.0254	0.0	0.0	0.0	0.159	-5.812	-94.713	38.21	-418	-33	-206	114.37846667	23.21277067	4.49	0.0	0.67664	-0.03635	-0.0354	-0.73453
 None	0.104	0.0034	1.0254	0.0	0.0	0.0	0.159	-5.812	-94.713	38.21	-418	-33	-206	114.37846667	23.21277067	4.49	0.0	0.67664	-0.03635	-0.0354	-0.73453
 None	0.104	0.0034	1.0254	0.0	0.0	0.0	0.159	-5.812	-94.713	38.21	-418	-33	-206	114.37846667	23.21277067	4.49	0.0	0.67661	-0.03632	-0.0354	-0.73459
 None	0.1045	0.0034	1.0259	0.0	0.0	0.0	0.165	-5.812	-94.713	38.19	-418	-33	-208	114.37846667	23.21277067	4.49	0.0	0.67661	-0.03632	-0.0354	-0.73459
 None	0.1045	0.0034	1.0259	0.0	0.0	0.0	0.165	-5.812	-94.713	38.19	-418	-33	-208	114.37846667	23.21277067	4.49	0.0	0.67661	-0.03632	-0.0354	-0.73459
 None	0.1045	0.0034	1.0259	0.0	0.0	0.0	0.165	-5.812	-94.713	38.19	-418	-33	-208	114.37846667	23.21277067	4.49	0.0	0.67661	-0.03632	-0.0354	-0.73459
 None	0.1045	0.0034	1.0259	0.0	0.0	0.0	0.165	-5.812	-94.713	38.19	-418	-33	-208	114.37846667	23.21277067	4.49	0.0	0.67661	-0.03632	-0.0354	-0.73459
 None	0.104	0.0034	1.0259	0.0	0.0	0.0	0.165	-5.812	-94.697	38.24	-419	-32	-207	114.37846667	23.21277067	4.49	0.0	0.67661	-0.03632	-0.0354	-0.73459
 None	0.104	0.0034	1.0259	0.0	0.0	0.0	0.165	-5.812	-94.697	38.24	-419	-32	-207	114.37846667	23.21277067	4.49	0.0	0.67661	-0.03632	-0.0354	-0.73459
 None	0.104	0.0034	1.0259	0.0	0.0	0.0	0.165	-5.812	-94.697	38.24	-419	-32	-207	114.37846667	23.21277067	4.49	0.0	0.67661	-0.03632	-0.0354	-0.73459
 None	0.104	0.0034	1.0259	0.0	0.0	0.0	0.165	-5.812	-94.697	38.24	-419	-32	-207	114.37846667	23.21277067	4.49	0.0	0.67667	-0.03632	-0.0354	-0.7345
 None	0.104	0.0034	1.0259	0.0	0.0	0.0	0.165	-5.812	-94.691	38.24	-420	-34	-210	114.37846667	23.21277067	4.49	0.0	0.67667	-0.03632	-0.0354	-0.7345
 None	0.104	0.0034	1.0259	0.0	0.0	0.0	0.165	-5.812	-94.691	38.24	-420	-34	-210	114.37846667	23.21277067	4.49	0.0	0.67667	-0.03632	-0.0354	-0.7345
 None	0.104	0.0034	1.0259	0.0	0.0	0.0	0.165	-5.812	-94.691	38.24	-420	-34	-210	114.37846667	23.21277067	4.49	0.0	0.67667	-0.03632	-0.0354	-0.7345
 None	0.104	0.0034	1.0259	0.0	0.0	0.0	0.165	-5.812	-94.691	38.24	-420	-34	-210	114.37846667	23.21277067	4.49	0.0	0.67673	-0.03629	-0.03543	-0.73444
 None	0.1045	0.0029	1.0254	0.0	0.0	0.0	0.165	-5.806	-94.691	38.24	-418	-31	-207	114.37846667	23.21277067	4.49	0.0	0.67673	-0.03629	-0.03543	-0.73444
 None	0.1045	0.0029	1.0254	0.0	0.0	0.0	0.165	-5.806	-94.691	38.24	-418	-31	-207	114.37846667	23.21277067	4.49	0.0	0.67673	-0.03629	-0.03543	-0.73444
 None	0.1045	0.0029	1.0254	0.0	0.0	0.0	0.165	-5.806	-94.691	38.24	-418	-31	-207	114.37846667	23.21277067	4.49	0.0	0.67673	-0.03629	-0.03543	-0.73444
 None	0.1045	0.0029	1.0254	0.0	0.0	0.0	0.165	-5.806	-94.691	38.24	-418	-31	-207	114.37846667	23.21277067	4.49	0.0	0.67673	-0.03629	-0.0354	-0.73447
 None	0.1045	0.0024	1.0259	0.0	0.0	0.0	0.165	-5.812	-94.675	38.22	-414	-31	-207	114.37846667	23.21277067	4.49	0.0	0.67673	-0.03629	-0.0354	-0.73447
 None	0.1045	0.0024	1.0259	0.0	0.0	0.0	0.165	-5.812	-94.675	38.22	-414	-31	-207	114.37846667	23.21277067	4.49	0.0	0.67673	-0.03629	-0.0354	-0.73447
 None	0.1045	0.0024	1.0259	0.0	0.0	0.0	0.165	-5.812	-94.675	38.22	-414	-31	-207	114.37846667	23.21277067	4.49	0.0	0.67673	-0.03629	-0.0354	-0.73447
 None	0.1045	0.0024	1.0259	0.0	0.0	0.0	0.165	-5.812	-94.675	38.22	-414	-31	-207	114.37846667	23.21277067	4.49	0.0	0.67682	-0.03629	-0.0354	-0.73438
 None	0.105	0.0029	1.0259	0.0	0.0	0.0	0.165	-5.812	-94.68	38.23	-417	-34	-207	114.37846667	23.21277067	4.49	0.0	0.67682	-0.03629	-0.0354	-0.73438
 None	0.105	0.0029	1.0259	0.0	0.0	0.0	0.165	-5.812	-94.68	38.23	-417	-34	-207	114.37846667	23.21277067	4.49	0.0	0.67682	-0.03629	-0.0354	-0.73438
 None	0.105	0.0029	1.0259	0.0	0.0	0.0	0.165	-5.812	-94.68	38.23	-417	-34	-207	114.37846667	23.21277067	4.49	0.0	0.67682	-0.03629	-0.0354	-0.73438
 None	0.105	0.0029	1.0259	0.0	0.0	0.0	0.165	-5.812	-94.68	38.23	-417	-34	-207	114.37846667	23.21277067	4.49	0.0	0.67679	-0.03629	-0.0354	-0.73441
 None	0.105	0.0029	1.0254	0.0	0.0	0.0	0.165	-5.812	-94.697	38.24	-418	-35	-208	114.37846667	23.21277067	4.49	0.0	0.67679	-0.03629	-0.0354	-0.73441
 None	0.105	0.0029	1.0254	0.0	0.0	0.0	0.165	-5.812	-94.697	38.24	-418	-35	-208	114.37846667	23.21277067	4.49	0.0	0.67679	-0.03629	-0.0354	-0.73441
 None	0.105	0.0029	1.0254	0.0	0.0	0.0	0.165	-5.812	-94.697	38.24	-418	-35	-208	114.37846667	23.21277067	4.49	0.0	0.67679	-0.03629	-0.0354	-0.73441
 None	0.105	0.0029	1.0254	0.0	0.0	0.0	0.165	-5.812	-94.697	38.24	-418	-35	-208	114.37846667	23.21277067	4.49	0.0	0.6767	-0.03632	-0.0354	-0.7345
 None	0.104	0.0034	1.0254	0.0	0.0	0.0	0.165	-5.812	-94.702	38.16	-416	-32	-207	114.37846667	23.21277067	4.49	0.0	0.6767	-0.03632	-0.0354	-0.7345
 None	0.104	0.0034	1.0254	0.0	0.0	0.0	0.165	-5.812	-94.702	38.16	-416	-32	-207	114.37846667	23.21277067	4.49	0.0	0.6767	-0.03632	-0.0354	-0.7345
 None	0.104	0.0034	1.0254	0.0	0.0	0.0	0.165	-5.812	-94.702	38.16	-416	-32	-207	114.37846667	23.21277067	4.49	0.0	0.6767	-0.03632	-0.0354	-0.7345
 None	0.104	0.0034	1.0254	0.0	0.0	0.0	0.165	-5.812	-94.702	38.16	-416	-32	-207	114.37846667	23.21277067	4.49	0.0	0.67664	-0.03632	-0.0354	-0.73453
 None	0.104	0.0029	1.0254	0.0	0.0	0.0	0.165	-5.812	-94.697	38.27	-418	-32	-210	114.37846667	23.21277067	4.49	0.0	0.67664	-0.03632	-0.0354	-0.73453
 None	0.104	0.0029	1.0254	0.0	0.0	0.0	0.165	-5.812	-94.697	38.27	-418	-32	-210	114.37846667	23.21277067	4.49	0.0	0.67664	-0.03632	-0.0354	-0.73453
 None	0.104	0.0029	1.0254	0.0	0.0	0.0	0.165	-5.812	-94.697	38.27	-418	-32	-210	114.37846667	23.21277067	4.49	0.0	0.67664	-0.03632	-0.0354	-0.73453
 None	0.104	0.0029	1.0254	0.0	0.0	0.0	0.165	-5.812	-94.697	38.27	-418	-32	-210	114.37846667	23.21277067	4.49	0.0	0.6767	-0.03629	-0.0354	-0.73447
 None	0.1045	0.0029	1.0259	0.0	0.0	0.0	0.165	-5.812	-94.708	38.24	-415	-34	-206	114.37846667	23.21277067	4.49	0.0	0.6767	-0.03629	-0.0354	-0.73447
 None	0.1045	0.0029	1.0259	0.0	0.0	0.0	0.165	-5.812	-94.708	38.24	-415	-34	-206	114.3784	23.21227733	4.49	0.0	0.6767	-0.03629	-0.0354	-0.73447
 None	0.1045	0.0029	1.0259	0.0	0.0	0.0	0.165	-5.812	-94.708	38.24	-415	-34	-206	114.3784	23.21227733	4.49	0.0	0.6767	-0.03629	-0.0354	-0.73447
 None	0.1045	0.0029	1.0259	0.0	0.0	0.0	0.165	-5.812	-94.708	38.24	-415	-34	-206	114.3784	23.21227733	4.49	0.0	0.67664	-0.03632	-0.0354	-0.73456
 None	0.105	0.0034	1.0259	0.0	0.0	0.0	0.165	-5.812	-94.719	38.23	-416	-36	-207	114.3784	23.21227733	4.49	0.0	0.67664	-0.03632	-0.0354	-0.73456
 None	0.105	0.0034	1.0259	0.0	0.0	0.0	0.165	-5.812	-94.719	38.23	-416	-36	-207	114.3784	23.21227733	4.49	0.0	0.67664	-0.03632	-0.0354	-0.73456
 None	0.105	0.0034	1.0259	0.0	0.0	0.0	0.165	-5.812	-94.719	38.23	-416	-36	-207	114.3784	23.21227733	4.49	0.0	0.67664	-0.03632	-0.0354	-0.73456
 None	0.105	0.0034	1.0259	0.0	0.0	0.0	0.165	-5.812	-94.719	38.23	-416	-36	-207	114.3784	23.21227733	4.49	0.0	0.67654	-0.03632	-0.0354	-0.73462
 None	0.104	0.0029	1.0254	0.0	0.0	0.0	0.165	-5.812	-94.719	38.21	-416	-34	-208	114.3784	23.21227733	4.49	0.0	0.67654	-0.03632	-0.0354	-0.73462
 None	0.104	0.0029	1.0254	0.0	0.0	0.0	0.165	-5.812	-94.719	38.21	-416	-34	-208	114.3784	23.21227733	4.49	0.0	0.67654	-0.03632	-0.0354	-0.73462
 None	0.104	0.0029	1.0254	0.0	0.0	0.0	0.165	-5.812	-94.719	38.21	-416	-34	-208	114.3784	23.21227733	4.49	0.0	0.67654	-0.03632	-0.0354	-0.73462
 None	0.104	0.0029	1.0254	0.0	0.0	0.0	0.165	-5.812	-94.719	38.21	-416	-34	-208	114.3784	23.21227733	4.49	0.0	0.67654	-0.03632	-0.0354	-0.73462
 None	0.104	0.0029	1.0254	0.0	0.0	0.0	0.165	-5.812	-94.73	38.21	-417	-34	-207	114.3784	23.21227733	4.49	0.0	0.67654	-0.03632	-0.0354	-0.73462
 None	0.104	0.0029	1.0254	0.0	0.0	0.0	0.165	-5.812	-94.73	38.21	-417	-34	-207	114.3784	23.21227733	4.49	0.0	0.67654	-0.03632	-0.0354	-0.73462
 None	0.104	0.0029	1.0254	0.0	0.0	0.0	0.165	-5.812	-94.73	38.21	-417	-34	-207	114.3784	23.21227733	4.49	0.0	0.67654	-0.03632	-0.0354	-0.73462
 None	0.104	0.0029	1.0254	0.0	0.0	0.0	0.165	-5.812	-94.73	38.21	-417	-34	-207	114.3784	23.21227733	4.49	0.0	0.67648	-0.03632	-0.0354	-0.73468
 None	0.1045	0.0029	1.0259	0.0	0.0	0.0	0.165	-5.812	-94.73	38.24	-419	-35	-205	114.3784	23.21227733	4.49	0.0	0.67648	-0.03632	-0.0354	-0.73468
 None	0.1045	0.0029	1.0259	0.0	0.0	0.0	0.165	-5.812	-94.73	38.24	-419	-35	-205	114.3784	23.21227733	4.49	0.0	0.67648	-0.03632	-0.0354	-0.73468
 None	0.1045	0.0029	1.0259	0.0	0.0	0.0	0.165	-5.812	-94.73	38.24	-419	-35	-205	114.3784	23.21227733	4.49	0.0	0.67648	-0.03632	-0.0354	-0.73468
 None	0.1045	0.0029	1.0259	0.0	0.0	0.0	0.165	-5.812	-94.73	38.24	-419	-35	-205	114.3784	23.21227733	4.49	0.0	0.67648	-0.03632	-0.0354	-0.73468
 None	0.1045	0.0029	1.0259	0.0	0.0	0.0	0.165	-5.812	-94.741	38.23	-417	-35	-209	114.3784	23.21227733	4.49	0.0	0.67648	-0.03632	-0.0354	-0.73468
 None	0.1045	0.0029	1.0259	0.0	0.0	0.0	0.165	-5.812	-94.741	38.23	-417	-35	-209	114.3784	23.21227733	4.49	0.0	0.67648	-0.03632	-0.0354	-0.73468
 None	0.1045	0.0029	1.0259	0.0	0.0	0.0	0.165	-5.812	-94.741	38.23	-417	-35	-209	114.3784	23.21227733	4.49	0.0	0.67648	-0.03632	-0.0354	-0.73468
 None	0.1045	0.0029	1.0259	0.0	0.0	0.0	0.165	-5.812	-94.741	38.23	-417	-35	-209	114.3784	23.21227733	4.49	0.0	0.67642	-0.03632	-0.0354	-0.73474
 None	0.104	0.0029	1.0259	0.0	0.0	0.0	0.165	-5.812	-94.746	38.29	-415	-33	-208	114.3784	23.21227733	4.49	0.0	0.67642	-0.03632	-0.0354	-0.73474
 None	0.104	0.0029	1.0259	0.0	0.0	0.0	0.165	-5.812	-94.746	38.29	-415	-33	-208	114.3784	23.21227733	4.49	0.0	0.67642	-0.03632	-0.0354	-0.73474
 None	0.104	0.0029	1.0259	0.0	0.0	0.0	0.165	-5.812	-94.746	38.29	-415	-33	-208	114.3784	23.21227733	4.49	0.0	0.67642	-0.03632	-0.0354	-0.73474
 None	0.104	0.0029	1.0259	0.0	0.0	0.0	0.165	-5.812	-94.746	38.29	-415	-33	-208	114.3784	23.21227733	4.49	0.0	0.67636	-0.03632	-0.0354	-0.73477
 None	0.1045	0.0029	1.0254	0.0	0.0	0.0	0.165	-5.812	-94.73	38.21	-418	-33	-209	114.3784	23.21227733	4.49	0.0	0.67636	-0.03632	-0.0354	-0.73477
 None	0.1045	0.0029	1.0254	0.0	0.0	0.0	0.165	-5.812	-94.73	38.21	-418	-33	-209	114.3784	23.21227733	4.49	0.0	0.67636	-0.03632	-0.0354	-0.73477
 None	0.1045	0.0029	1.0254	0.0	0.0	0.0	0.165	-5.812	-94.73	38.21	-418	-33	-209	114.3784	23.21227733	4.49	0.0	0.67636	-0.03632	-0.0354	-0.73477
 None	0.1045	0.0029	1.0254	0.0	0.0	0.0	0.165	-5.812	-94.73	38.21	-418	-33	-209	114.3784	23.21227733	4.49	0.0	0.67648	-0.03632	-0.0354	-0.73468
 None	0.105	0.0029	1.0254	0.0	0.0	0.0	0.165	-5.812	-94.724	38.21	-419	-33	-208	114.3784	23.21227733	4.49	0.0	0.67648	-0.03632	-0.0354	-0.73468
 None	0.105	0.0029	1.0254	0.0	0.0	0.0	0.165	-5.812	-94.724	38.21	-419	-33	-208	114.3784	23.21227733	4.49	0.0	0.67648	-0.03632	-0.0354	-0.73468
 None	0.105	0.0029	1.0254	0.0	0.0	0.0	0.165	-5.812	-94.724	38.21	-419	-33	-208	114.3784	23.21227733	4.49	0.0	0.67648	-0.03632	-0.0354	-0.73468
 None	0.105	0.0029	1.0254	0.0	0.0	0.0	0.165	-5.812	-94.724	38.21	-419	-33	-208	114.3784	23.21227733	4.49	0.0	0.67651	-0.03632	-0.0354	-0.73465
 None	0.1045	0.0024	1.0264	0.0	0.0	0.0	0.165	-5.812	-94.724	38.22	-417	-34	-206	114.3784	23.21227733	4.49	0.0	0.67651	-0.03632	-0.0354	-0.73465
 None	0.1045	0.0024	1.0264	0.0	0.0	0.0	0.165	-5.812	-94.724	38.22	-417	-34	-206	114.3784	23.21227733	4.49	0.0	0.67651	-0.03632	-0.0354	-0.73465
 None	0.1045	0.0024	1.0264	0.0	0.0	0.0	0.165	-5.812	-94.724	38.22	-417	-34	-206	114.3784	23.21227733	4.49	0.0	0.67651	-0.03632	-0.0354	-0.73465
 None	0.1045	0.0024	1.0264	0.0	0.0	0.0	0.165	-5.812	-94.724	38.22	-417	-34	-206	114.3784	23.21227733	4.49	0.0	0.67651	-0.03632	-0.0354	-0.73465
 None	0.1045	0.0024	1.0264	0.0	0.0	0.0	0.159	-5.812	-94.73	38.21	-417	-34	-205	114.3784	23.21227733	4.49	0.0	0.67651	-0.03632	-0.0354	-0.73465
 None	0.1045	0.0024	1.0264	0.0	0.0	0.0	0.159	-5.812	-94.73	38.21	-417	-34	-205	114.378336	23.211824	4.49	0.0	0.67651	-0.03632	-0.0354	-0.73465
 None	0.1045	0.0024	1.0264	0.0	0.0	0.0	0.159	-5.812	-94.73	38.21	-417	-34	-205	114.378336	23.211824	4.49	0.0	0.67651	-0.03632	-0.0354	-0.73465
 None	0.1045	0.0024	1.0264	0.0	0.0	0.0	0.159	-5.812	-94.73	38.21	-417	-34	-205	114.378336	23.211824	4.49	0.0	0.67645	-0.03635	-0.03537	-0.73468
 None	0.1045	0.0024	1.0249	0.0	0.0	0.0	0.159	-5.812	-94.724	38.24	-419	-31	-209	114.378336	23.211824	4.49	0.0	0.67645	-0.03635	-0.03537	-0.73468
 None	0.1045	0.0024	1.0249	0.0	0.0	0.0	0.159	-5.812	-94.724	38.24	-419	-31	-209	114.378336	23.211824	4.49	0.0	0.67645	-0.03635	-0.03537	-0.73468
 None	0.1045	0.0024	1.0249	0.0	0.0	0.0	0.159	-5.812	-94.724	38.24	-419	-31	-209	114.378336	23.211824	4.49	0.0	0.67645	-0.03635	-0.03537	-0.73468
 None	0.1045	0.0024	1.0249	0.0	0.0	0.0	0.159	-5.812	-94.724	38.24	-419	-31	-209	114.378336	23.211824	4.49	0.0	0.67651	-0.03635	-0.03537	-0.73465
 None	0.1045	0.0024	1.0244	0.0	0.0	0.0	0.159	-5.812	-94.713	38.19	-417	-31	-209	114.378336	23.211824	4.49	0.0	0.67651	-0.03635	-0.03537	-0.73465
 None	0.1045	0.0024	1.0244	0.0	0.0	0.0	0.159	-5.812	-94.713	38.19	-417	-31	-209	114.378336	23.211824	4.49	0.0	0.67651	-0.03635	-0.03537	-0.73465
 None	0.1045	0.0024	1.0244	0.0	0.0	0.0	0.159	-5.812	-94.713	38.19	-417	-31	-209	114.378336	23.211824	4.49	0.0	0.67651	-0.03635	-0.03537	-0.73465
 None	0.1045	0.0024	1.0244	0.0	0.0	0.0	0.159	-5.812	-94.713	38.19	-417	-31	-209	114.378336	23.211824	4.49	0.0	0.67661	-0.03635	-0.03537	-0.73459
 None	0.1045	0.0029	1.0254	0.0	0.0	0.0	0.154	-5.812	-94.713	38.2	-417	-35	-209	114.378336	23.211824	4.49	0.0	0.67661	-0.03635	-0.03537	-0.73459
 None	0.1045	0.0029	1.0254	0.0	0.0	0.0	0.154	-5.812	-94.713	38.2	-417	-35	-209	114.378336	23.211824	4.49	0.0	0.67661	-0.03635	-0.03537	-0.73459
 None	0.1045	0.0029	1.0254	0.0	0.0	0.0	0.154	-5.812	-94.713	38.2	-417	-35	-209	114.378336	23.211824	4.49	0.0	0.67661	-0.03635	-0.03537	-0.73459
 None	0.1045	0.0029	1.0254	0.0	0.0	0.0	0.154	-5.812	-94.713	38.2	-417	-35	-209	114.378336	23.211824	4.49	0.0	0.67661	-0.03635	-0.03537	-0.73459
 None	0.1045	0.0034	1.0254	0.0	0.0	0.0	0.159	-5.812	-94.719	38.23	-416	-33	-208	114.378336	23.211824	4.49	0.0	0.67661	-0.03635	-0.03537	-0.73459
 None	0.1045	0.0034	1.0254	0.0	0.0	0.0	0.159	-5.812	-94.719	38.23	-416	-33	-208	114.378336	23.211824	4.49	0.0	0.67661	-0.03635	-0.03537	-0.73459
 None	0.1045	0.0034	1.0254	0.0	0.0	0.0	0.159	-5.812	-94.719	38.23	-416	-33	-208	114.378336	23.211824	4.49	0.0	0.67661	-0.03635	-0.03537	-0.73459
 None	0.1045	0.0034	1.0254	0.0	0.0	0.0	0.159	-5.812	-94.719	38.23	-416	-33	-208	114.378336	23.211824	4.49	0.0	0.67654	-0.03635	-0.03537	-0.73462
 None	0.104	0.0034	1.0254	0.0	0.0	0.0	0.159	-5.812	-94.724	38.29	-418	-33	-207	114.378336	23.211824	4.49	0.0	0.67654	-0.03635	-0.03537	-0.73462
 None	0.104	0.0034	1.0254	0.0	0.0	0.0	0.159	-5.812	-94.724	38.29	-418	-33	-207	114.378336	23.211824	4.49	0.0	0.67654	-0.03635	-0.03537	-0.73462
 None	0.104	0.0034	1.0254	0.0	0.0	0.0	0.159	-5.812	-94.724	38.29	-418	-33	-207	114.378336	23.211824	4.49	0.0	0.67654	-0.03635	-0.03537	-0.73462
 None	0.104	0.0034	1.0254	0.0	0.0	0.0	0.159	-5.812	-94.724	38.29	-418	-33	-207	114.378336	23.211824	4.49	0.0	0.67651	-0.03635	-0.03537	-0.73465
 None	0.1045	0.0029	1.0254	0.0	0.0	0.0	0.159	-5.812	-94.73	38.21	-414	-33	-207	114.378336	23.211824	4.49	0.0	0.67651	-0.03635	-0.03537	-0.73465
 None	0.1045	0.0029	1.0254	0.0	0.0	0.0	0.159	-5.812	-94.73	38.21	-414	-33	-207	114.378336	23.211824	4.49	0.0	0.67651	-0.03635	-0.03537	-0.73465
 None	0.1045	0.0029	1.0254	0.0	0.0	0.0	0.159	-5.812	-94.73	38.21	-414	-33	-207	114.378336	23.211824	4.49	0.0	0.67651	-0.03635	-0.03537	-0.73465
 None	0.1045	0.0029	1.0254	0.0	0.0	0.0	0.159	-5.812	-94.73	38.21	-414	-33	-207	114.378336	23.211824	4.49	0.0	0.67648	-0.03635	-0.03537	-0.73468
 None	0.104	0.0024	1.0254	0.0	0.0	0.0	0.159	-5.812	-94.735	38.21	-415	-34	-208	114.378336	23.211824	4.49	0.0	0.67648	-0.03635	-0.03537	-0.73468
 None	0.104	0.0024	1.0254	0.0	0.0	0.0	0.159	-5.812	-94.735	38.21	-415	-34	-208	114.378336	23.211824	4.49	0.0	0.67648	-0.03635	-0.03537	-0.73468
 None	0.104	0.0024	1.0254	0.0	0.0	0.0	0.159	-5.812	-94.735	38.21	-415	-34	-208	114.378336	23.211824	4.49	0.0	0.67648	-0.03635	-0.03537	-0.73468
 None	0.104	0.0024	1.0254	0.0	0.0	0.0	0.159	-5.812	-94.735	38.21	-415	-34	-208	114.378336	23.211824	4.49	0.0	0.67642	-0.03635	-0.03537	-0.73474
 None	0.104	0.0024	1.0254	0.0	0.0	0.0	0.159	-5.812	-94.752	38.21	-415	-33	-207	114.378336	23.211824	4.49	0.0	0.67642	-0.03635	-0.03537	-0.73474
 None	0.104	0.0024	1.0254	0.0	0.0	0.0	0.159	-5.812	-94.752	38.21	-415	-33	-207	114.378336	23.211824	4.49	0.0	0.67642	-0.03635	-0.03537	-0.73474
 None	0.104	0.0024	1.0254	0.0	0.0	0.0	0.159	-5.812	-94.752	38.21	-415	-33	-207	114.378336	23.211824	4.49	0.0	0.67642	-0.03635	-0.03537	-0.73474
 None	0.104	0.0024	1.0254	0.0	0.0	0.0	0.159	-5.812	-94.752	38.21	-415	-33	-207	114.378336	23.211824	4.49	0.0	0.67633	-0.03635	-0.03534	-0.7348
 None	0.1045	0.0029	1.0254	0.0	0.0	0.0	0.159	-5.806	-94.746	38.33	-413	-32	-210	114.378336	23.211824	4.49	0.0	0.67633	-0.03635	-0.03534	-0.7348
 None	0.1045	0.0029	1.0254	0.0	0.0	0.0	0.159	-5.806	-94.746	38.33	-413	-32	-210	114.378336	23.211824	4.49	0.0	0.67633	-0.03635	-0.03534	-0.7348
 None	0.1045	0.0029	1.0254	0.0	0.0	0.0	0.159	-5.806	-94.746	38.33	-413	-32	-210	114.378336	23.211824	4.49	0.0	0.67633	-0.03635	-0.03534	-0.7348
 None	0.1045	0.0029	1.0254	0.0	0.0	0.0	0.159	-5.806	-94.746	38.33	-413	-32	-210	114.378336	23.211824	4.49	0.0	0.67639	-0.03635	-0.03534	-0.73477
 None	0.1045	0.0029	1.0254	0.0	0.0	0.0	0.159	-5.812	-94.741	38.24	-418	-34	-207	114.378336	23.211824	4.49	0.0	0.67639	-0.03635	-0.03534	-0.73477
 None	0.1045	0.0029	1.0254	0.0	0.0	0.0	0.159	-5.812	-94.741	38.24	-418	-34	-207	114.378336	23.211824	4.49	0.0	0.67639	-0.03635	-0.03534	-0.73477
 None	0.1045	0.0029	1.0254	0.0	0.0	0.0	0.159	-5.812	-94.741	38.24	-418	-34	-207	114.378336	23.211824	4.49	0.0	0.67639	-0.03635	-0.03534	-0.73477
 None	0.1045	0.0029	1.0254	0.0	0.0	0.0	0.159	-5.812	-94.741	38.24	-418	-34	-207	114.378336	23.211824	4.49	0.0	0.67639	-0.03635	-0.03534	-0.73474
 None	0.1045	0.0029	1.0259	0.0	0.0	0.0	0.159	-5.812	-94.741	38.21	-415	-31	-207	114.378336	23.211824	4.49	0.0	0.67639	-0.03635	-0.03534	-0.73474
 None	0.1045	0.0029	1.0259	0.0	0.0	0.0	0.159	-5.812	-94.741	38.21	-415	-31	-207	114.37828267	23.21148533	4.49	0.0	0.67639	-0.03635	-0.03534	-0.73474
 None	0.1045	0.0029	1.0259	0.0	0.0	0.0	0.159	-5.812	-94.741	38.21	-415	-31	-207	114.37828267	23.21148533	4.49	0.0	0.67639	-0.03635	-0.03534	-0.73474
 None	0.1045	0.0029	1.0259	0.0	0.0	0.0	0.159	-5.812	-94.741	38.21	-415	-31	-207	114.37828267	23.21148533	4.49	0.0	0.67642	-0.03635	-0.03534	-0.73474
 None	0.105	0.0024	1.0259	0.0	0.0	0.0	0.159	-5.812	-94.73	38.28	-415	-33	-210	114.37828267	23.21148533	4.49	0.0	0.67642	-0.03635	-0.03534	-0.73474
 None	0.105	0.0024	1.0259	0.0	0.0	0.0	0.159	-5.812	-94.73	38.28	-415	-33	-210	114.37828267	23.21148533	4.49	0.0	0.67642	-0.03635	-0.03534	-0.73474
 None	0.105	0.0024	1.0259	0.0	0.0	0.0	0.159	-5.812	-94.73	38.28	-415	-33	-210	114.37828267	23.21148533	4.49	0.0	0.67642	-0.03635	-0.03534	-0.73474
 None	0.105	0.0024	1.0259	0.0	0.0	0.0	0.159	-5.812	-94.73	38.28	-415	-33	-210	114.37828267	23.21148533	4.49	0.0	0.67645	-0.03635	-0.03537	-0.73471
 None	0.105	0.0024	1.0264	0.0	0.0	0.0	0.154	-5.812	-94.735	38.26	-419	-34	-210	114.37828267	23.21148533	4.49	0.0	0.67645	-0.03635	-0.03537	-0.73471
 None	0.105	0.0024	1.0264	0.0	0.0	0.0	0.154	-5.812	-94.735	38.26	-419	-34	-210	114.37828267	23.21148533	4.49	0.0	0.67645	-0.03635	-0.03537	-0.73471
 None	0.105	0.0024	1.0264	0.0	0.0	0.0	0.154	-5.812	-94.735	38.26	-419	-34	-210	114.37828267	23.21148533	4.49	0.0	0.67645	-0.03635	-0.03537	-0.73471
 None	0.105	0.0024	1.0264	0.0	0.0	0.0	0.154	-5.812	-94.735	38.26	-419	-34	-210	114.37828267	23.21148533	4.49	0.0	0.67645	-0.03638	-0.03534	-0.73471
 None	0.1045	0.0024	1.0259	0.0	0.0	0.0	0.154	-5.812	-94.735	38.22	-416	-32	-206	114.37828267	23.21148533	4.49	0.0	0.67645	-0.03638	-0.03534	-0.73471
 None	0.1045	0.0024	1.0259	0.0	0.0	0.0	0.154	-5.812	-94.735	38.22	-416	-32	-206	114.37828267	23.21148533	4.49	0.0	0.67645	-0.03638	-0.03534	-0.73471
 None	0.1045	0.0024	1.0259	0.0	0.0	0.0	0.154	-5.812	-94.735	38.22	-416	-32	-206	114.37828267	23.21148533	4.49	0.0	0.67645	-0.03638	-0.03534	-0.73471
 None	0.1045	0.0024	1.0259	0.0	0.0	0.0	0.154	-5.812	-94.735	38.22	-416	-32	-206	114.37828267	23.21148533	4.49	0.0	0.67642	-0.03638	-0.03534	-0.73474
 None	0.104	0.0024	1.0249	0.0	0.0	0.0	0.154	-5.812	-94.746	38.22	-416	-33	-208	114.37828267	23.21148533	4.49	0.0	0.67642	-0.03638	-0.03534	-0.73474
 None	0.104	0.0024	1.0249	0.0	0.0	0.0	0.154	-5.812	-94.746	38.22	-416	-33	-208	114.37828267	23.21148533	4.49	0.0	0.67642	-0.03638	-0.03534	-0.73474
 None	0.104	0.0024	1.0249	0.0	0.0	0.0	0.154	-5.812	-94.746	38.22	-416	-33	-208	114.37828267	23.21148533	4.49	0.0	0.67642	-0.03638	-0.03534	-0.73474
 None	0.104	0.0024	1.0249	0.0	0.0	0.0	0.154	-5.812	-94.746	38.22	-416	-33	-208	114.37828267	23.21148533	4.49	0.0	0.67639	-0.03638	-0.03534	-0.73477
 None	0.1045	0.0029	1.0254	0.0	0.0	0.0	0.154	-5.812	-94.741	38.31	-417	-33	-208	114.37828267	23.21148533	4.49	0.0	0.67639	-0.03638	-0.03534	-0.73477
 None	0.1045	0.0029	1.0254	0.0	0.0	0.0	0.154	-5.812	-94.741	38.31	-417	-33	-208	114.37828267	23.21148533	4.49	0.0	0.67639	-0.03638	-0.03534	-0.73477
 None	0.1045	0.0029	1.0254	0.0	0.0	0.0	0.154	-5.812	-94.741	38.31	-417	-33	-208	114.37828267	23.21148533	4.49	0.0	0.67639	-0.03638	-0.03534	-0.73477
 None	0.1045	0.0029	1.0254	0.0	0.0	0.0	0.154	-5.812	-94.741	38.31	-417	-33	-208	114.37828267	23.21148533	4.49	0.0	0.67642	-0.03638	-0.03534	-0.73474
 None	0.1045	0.0034	1.0259	0.0	0.0	0.0	0.154	-5.812	-94.735	38.27	-416	-32	-207	114.37828267	23.21148533	4.49	0.0	0.67642	-0.03638	-0.03534	-0.73474
 None	0.1045	0.0034	1.0259	0.0	0.0	0.0	0.154	-5.812	-94.735	38.27	-416	-32	-207	114.37828267	23.21148533	4.49	0.0	0.67642	-0.03638	-0.03534	-0.73474
 None	0.1045	0.0034	1.0259	0.0	0.0	0.0	0.154	-5.812	-94.735	38.27	-416	-32	-207	114.37828267	23.21148533	4.49	0.0	0.67642	-0.03638	-0.03534	-0.73474
 None	0.1045	0.0034	1.0259	0.0	0.0	0.0	0.154	-5.812	-94.735	38.27	-416	-32	-207	114.37828267	23.21148533	4.49	0.0	0.67642	-0.03638	-0.03534	-0.73471
 None	0.1045	0.0024	1.0254	0.0	0.0	0.0	0.154	-5.812	-94.73	38.19	-417	-33	-208	114.37828267	23.21148533	4.49	0.0	0.67642	-0.03638	-0.03534	-0.73471
 None	0.1045	0.0024	1.0254	0.0	0.0	0.0	0.154	-5.812	-94.73	38.19	-417	-33	-208	114.37828267	23.21148533	4.49	0.0	0.67642	-0.03638	-0.03534	-0.73471
 None	0.1045	0.0024	1.0254	0.0	0.0	0.0	0.154	-5.812	-94.73	38.19	-417	-33	-208	114.37828267	23.21148533	4.49	0.0	0.67642	-0.03638	-0.03534	-0.73471
 None	0.1045	0.0024	1.0254	0.0	0.0	0.0	0.154	-5.812	-94.73	38.19	-417	-33	-208	114.37828267	23.21148533	4.49	0.0	0.67645	-0.03638	-0.03534	-0.73471
 None	0.1045	0.0024	1.0259	0.0	0.0	0.0	0.154	-5.812	-94.741	38.18	-417	-35	-209	114.37828267	23.21148533	4.49	0.0	0.67645	-0.03638	-0.03534	-0.73471
 None	0.1045	0.0024	1.0259	0.0	0.0	0.0	0.154	-5.812	-94.741	38.18	-417	-35	-209	114.37828267	23.21148533	4.49	0.0	0.67645	-0.03638	-0.03534	-0.73471
 None	0.1045	0.0024	1.0259	0.0	0.0	0.0	0.154	-5.812	-94.741	38.18	-417	-35	-209	114.37828267	23.21148533	4.49	0.0	0.67645	-0.03638	-0.03534	-0.73471
 None	0.1045	0.0024	1.0259	0.0	0.0	0.0	0.154	-5.812	-94.741	38.18	-417	-35	-209	114.37828267	23.21148533	4.49	0.0	0.67639	-0.03638	-0.03534	-0.73477
 None	0.1045	0.0029	1.0264	0.0	0.0	0.0	0.154	-5.812	-94.741	38.24	-415	-32	-207	114.37828267	23.21148533	4.49	0.0	0.67639	-0.03638	-0.03534	-0.73477
 None	0.1045	0.0029	1.0264	0.0	0.0	0.0	0.154	-5.812	-94.741	38.24	-415	-32	-207	114.37828267	23.21148533	4.49	0.0	0.67639	-0.03638	-0.03534	-0.73477
 None	0.1045	0.0029	1.0264	0.0	0.0	0.0	0.154	-5.812	-94.741	38.24	-415	-32	-207	114.37828267	23.21148533	4.49	0.0	0.67639	-0.03638	-0.03534	-0.73477
 None	0.1045	0.0029	1.0264	0.0	0.0	0.0	0.154	-5.812	-94.741	38.24	-415	-32	-207	114.37828267	23.21148533	4.49	0.0	0.67642	-0.03638	-0.03534	-0.73474
 None	0.1045	0.0029	1.0259	0.0	0.0	0.0	0.154	-5.812	-94.73	38.29	-419	-33	-207	114.37828267	23.21148533	4.49	0.0	0.67642	-0.03638	-0.03534	-0.73474
 None	0.1045	0.0029	1.0259	0.0	0.0	0.0	0.154	-5.812	-94.73	38.29	-419	-33	-207	114.37824267	23.21136	4.49	0.0	0.67642	-0.03638	-0.03534	-0.73474
 None	0.1045	0.0029	1.0259	0.0	0.0	0.0	0.154	-5.812	-94.73	38.29	-419	-33	-207	114.37824267	23.21136	4.49	0.0	0.67642	-0.03638	-0.03534	-0.73474
 None	0.1045	0.0029	1.0259	0.0	0.0	0.0	0.154	-5.812	-94.73	38.29	-419	-33	-207	114.37824267	23.21136	4.49	0.0	0.67648	-0.03638	-0.03534	-0.73468
 None	0.105	0.0029	1.0254	0.0	0.0	0.0	0.154	-5.812	-94.719	38.27	-419	-32	-207	114.37824267	23.21136	4.49	0.0	0.67648	-0.03638	-0.03534	-0.73468
 None	0.105	0.0029	1.0254	0.0	0.0	0.0	0.154	-5.812	-94.719	38.27	-419	-32	-207	114.37824267	23.21136	4.49	0.0	0.67648	-0.03638	-0.03534	-0.73468
 None	0.105	0.0029	1.0254	0.0	0.0	0.0	0.154	-5.812	-94.719	38.27	-419	-32	-207	114.37824267	23.21136	4.49	0.0	0.67648	-0.03638	-0.03534	-0.73468
 None	0.105	0.0029	1.0254	0.0	0.0	0.0	0.154	-5.812	-94.719	38.27	-419	-32	-207	114.37824267	23.21136	4.49	0.0	0.67654	-0.03638	-0.03534	-0.73465
 None	0.1045	0.0034	1.0249	0.0	0.0	0.0	0.154	-5.812	-94.724	38.27	-416	-34	-205	114.37824267	23.21136	4.49	0.0	0.67654	-0.03638	-0.03534	-0.73465
 None	0.1045	0.0034	1.0249	0.0	0.0	0.0	0.154	-5.812	-94.724	38.27	-416	-34	-205	114.37824267	23.21136	4.49	0.0	0.67654	-0.03638	-0.03534	-0.73465
 None	0.1045	0.0034	1.0249	0.0	0.0	0.0	0.154	-5.812	-94.724	38.27	-416	-34	-205	114.37824267	23.21136	4.49	0.0	0.67654	-0.03638	-0.03534	-0.73465
 None	0.1045	0.0034	1.0249	0.0	0.0	0.0	0.154	-5.812	-94.724	38.27	-416	-34	-205	114.37824267	23.21136	4.49	0.0	0.67651	-0.03638	-0.03537	-0.73465
 None	0.104	0.0029	1.0254	0.0	0.0	0.0	0.154	-5.812	-94.719	38.24	-417	-32	-207	114.37824267	23.21136	4.49	0.0	0.67651	-0.03638	-0.03537	-0.73465
 None	0.104	0.0029	1.0254	0.0	0.0	0.0	0.154	-5.812	-94.719	38.24	-417	-32	-207	114.37824267	23.21136	4.49	0.0	0.67651	-0.03638	-0.03537	-0.73465
 None	0.104	0.0029	1.0254	0.0	0.0	0.0	0.154	-5.812	-94.719	38.24	-417	-32	-207	114.37824267	23.21136	4.49	0.0	0.67651	-0.03638	-0.03537	-0.73465
 None	0.104	0.0029	1.0254	0.0	0.0	0.0	0.154	-5.812	-94.719	38.24	-417	-32	-207	114.37824267	23.21136	4.49	0.0	0.67654	-0.03638	-0.03537	-0.73462
 None	0.104	0.0029	1.0259	0.0	0.0	0.0	0.154	-5.812	-94.724	38.27	-416	-34	-207	114.37824267	23.21136	4.49	0.0	0.67654	-0.03638	-0.03537	-0.73462
 None	0.104	0.0029	1.0259	0.0	0.0	0.0	0.154	-5.812	-94.724	38.27	-416	-34	-207	114.37824267	23.21136	4.49	0.0	0.67654	-0.03638	-0.03537	-0.73462
 None	0.104	0.0029	1.0259	0.0	0.0	0.0	0.154	-5.812	-94.724	38.27	-416	-34	-207	114.37824267	23.21136	4.49	0.0	0.67654	-0.03638	-0.03537	-0.73462
 None	0.104	0.0029	1.0259	0.0	0.0	0.0	0.154	-5.812	-94.724	38.27	-416	-34	-207	114.37824267	23.21136	4.49	0.0	0.67651	-0.03635	-0.03534	-0.73465
 None	0.1045	0.0034	1.0259	0.0	0.0	0.0	0.159	-5.812	-94.719	38.29	-418	-32	-209	114.37824267	23.21136	4.49	0.0	0.67651	-0.03635	-0.03534	-0.73465
 None	0.1045	0.0034	1.0259	0.0	0.0	0.0	0.159	-5.812	-94.719	38.29	-418	-32	-209	114.37824267	23.21136	4.49	0.0	0.67651	-0.03635	-0.03534	-0.73465
 None	0.1045	0.0034	1.0259	0.0	0.0	0.0	0.159	-5.812	-94.719	38.29	-418	-32	-209	114.37824267	23.21136	4.49	0.0	0.67651	-0.03635	-0.03534	-0.73465
 None	0.1045	0.0034	1.0259	0.0	0.0	0.0	0.159	-5.812	-94.719	38.29	-418	-32	-209	114.37824267	23.21136	4.49	0.0	0.67654	-0.03635	-0.03537	-0.73462
 None	0.1045	0.0034	1.0259	0.0	0.0	0.0	0.159	-5.812	-94.713	38.27	-416	-32	-208	114.37824267	23.21136	4.49	0.0	0.67654	-0.03635	-0.03537	-0.73462
 None	0.1045	0.0034	1.0259	0.0	0.0	0.0	0.159	-5.812	-94.713	38.27	-416	-32	-208	114.37824267	23.21136	4.49	0.0	0.67654	-0.03635	-0.03537	-0.73462
 None	0.1045	0.0034	1.0259	0.0	0.0	0.0	0.159	-5.812	-94.713	38.27	-416	-32	-208	114.37824267	23.21136	4.49	0.0	0.67654	-0.03635	-0.03537	-0.73462
 None	0.1045	0.0034	1.0259	0.0	0.0	0.0	0.159	-5.812	-94.713	38.27	-416	-32	-208	114.37824267	23.21136	4.49	0.0	0.67657	-0.03632	-0.03537	-0.73459
 None	0.105	0.0034	1.0254	0.0	0.0	0.0	0.159	-5.812	-94.719	38.27	-417	-34	-208	114.37824267	23.21136	4.49	0.0	0.67657	-0.03632	-0.03537	-0.73459
 None	0.105	0.0034	1.0254	0.0	0.0	0.0	0.159	-5.812	-94.719	38.27	-417	-34	-208	114.37824267	23.21136	4.49	0.0	0.67657	-0.03632	-0.03537	-0.73459
 None	0.105	0.0034	1.0254	0.0	0.0	0.0	0.159	-5.812	-94.719	38.27	-417	-34	-208	114.37824267	23.21136	4.49	0.0	0.67657	-0.03632	-0.03537	-0.73459
 None	0.105	0.0034	1.0254	0.0	0.0	0.0	0.159	-5.812	-94.719	38.27	-417	-34	-208	114.37824267	23.21136	4.49	0.0	0.67654	-0.03632	-0.0354	-0.73462
 None	0.1045	0.0034	1.0254	0.0	0.0	0.0	0.165	-5.812	-94.713	38.3	-415	-32	-208	114.37824267	23.21136	4.49	0.0	0.67654	-0.03632	-0.0354	-0.73462
 None	0.1045	0.0034	1.0254	0.0	0.0	0.0	0.165	-5.812	-94.713	38.3	-415	-32	-208	114.37824267	23.21136	4.49	0.0	0.67654	-0.03632	-0.0354	-0.73462
 None	0.1045	0.0034	1.0254	0.0	0.0	0.0	0.165	-5.812	-94.713	38.3	-415	-32	-208	114.37824267	23.21136	4.49	0.0	0.67654	-0.03632	-0.0354	-0.73462
 None	0.1045	0.0034	1.0254	0.0	0.0	0.0	0.165	-5.812	-94.713	38.3	-415	-32	-208	114.37824267	23.21136	4.49	0.0	0.67657	-0.03632	-0.0354	-0.73459
 None	0.1045	0.0029	1.0259	0.0	0.0	0.0	0.165	-5.812	-94.724	38.2	-410	-35	-210	114.37824267	23.21136	4.49	0.0	0.67657	-0.03632	-0.0354	-0.73459
 None	0.1045	0.0029	1.0259	0.0	0.0	0.0	0.165	-5.812	-94.724	38.2	-410	-35	-210	114.37824267	23.21136	4.49	0.0	0.67657	-0.03632	-0.0354	-0.73459
 None	0.1045	0.0029	1.0259	0.0	0.0	0.0	0.165	-5.812	-94.724	38.2	-410	-35	-210	114.37824267	23.21136	4.49	0.0	0.67657	-0.03632	-0.0354	-0.73459
 None	0.1045	0.0029	1.0259	0.0	0.0	0.0	0.165	-5.812	-94.724	38.2	-410	-35	-210	114.37824267	23.21136	4.49	0.0	0.67651	-0.03632	-0.0354	-0.73465
 None	0.1045	0.0029	1.0259	0.0	0.0	0.0	0.165	-5.812	-94.724	38.25	-416	-32	-210	114.37824267	23.21136	4.49	0.0	0.67651	-0.03632	-0.0354	-0.73465
 None	0.1045	0.0029	1.0259	0.0	0.0	0.0	0.165	-5.812	-94.724	38.25	-416	-32	-210	114.37824267	23.21135173	4.49	0.0	0.67651	-0.03632	-0.0354	-0.73465
 None	0.1045	0.0029	1.0259	0.0	0.0	0.0	0.165	-5.812	-94.724	38.25	-416	-32	-210	114.37824267	23.21135173	4.49	0.0	0.67651	-0.03632	-0.0354	-0.73465
 None	0.1045	0.0029	1.0259	0.0	0.0	0.0	0.165	-5.812	-94.724	38.25	-416	-32	-210	114.37824267	23.21135173	4.49	0.0	0.67651	-0.03632	-0.0354	-0.73465
 None	0.1045	0.0029	1.0254	0.0	0.0	0.0	0.165	-5.812	-94.713	38.29	-417	-34	-208	114.37824267	23.21135173	4.49	0.0	0.67651	-0.03632	-0.0354	-0.73465
 None	0.1045	0.0029	1.0254	0.0	0.0	0.0	0.165	-5.812	-94.713	38.29	-417	-34	-208	114.37824267	23.21135173	4.49	0.0	0.67651	-0.03632	-0.0354	-0.73465
 None	0.1045	0.0029	1.0254	0.0	0.0	0.0	0.165	-5.812	-94.713	38.29	-417	-34	-208	114.37824267	23.21135173	4.49	0.0	0.67651	-0.03632	-0.0354	-0.73465
 None	0.1045	0.0029	1.0254	0.0	0.0	0.0	0.165	-5.812	-94.713	38.29	-417	-34	-208	114.37824267	23.21135173	4.49	0.0	0.67657	-0.03632	-0.0354	-0.73459
 None	0.1045	0.0029	1.0254	0.0	0.0	0.0	0.165	-5.812	-94.719	38.2	-416	-33	-207	114.37824267	23.21135173	4.49	0.0	0.67657	-0.03632	-0.0354	-0.73459
 None	0.1045	0.0029	1.0254	0.0	0.0	0.0	0.165	-5.812	-94.719	38.2	-416	-33	-207	114.37824267	23.21135173	4.49	0.0	0.67657	-0.03632	-0.0354	-0.73459
 None	0.1045	0.0029	1.0254	0.0	0.0	0.0	0.165	-5.812	-94.719	38.2	-416	-33	-207	114.37824267	23.21135173	4.49	0.0	0.67657	-0.03632	-0.0354	-0.73459
 None	0.1045	0.0029	1.0254	0.0	0.0	0.0	0.165	-5.812	-94.719	38.2	-416	-33	-207	114.37824267	23.21135173	4.49	0.0	0.67654	-0.03632	-0.0354	-0.73462
 None	0.1045	0.0029	1.0254	0.0	0.0	0.0	0.165	-5.812	-94.719	38.29	-414	-34	-207	114.37824267	23.21135173	4.49	0.0	0.67654	-0.03632	-0.0354	-0.73462
 None	0.1045	0.0029	1.0254	0.0	0.0	0.0	0.165	-5.812	-94.719	38.29	-414	-34	-207	114.37824267	23.21135173	4.49	0.0	0.67654	-0.03632	-0.0354	-0.73462
 None	0.1045	0.0029	1.0254	0.0	0.0	0.0	0.165	-5.812	-94.719	38.29	-414	-34	-207	114.37824267	23.21135173	4.49	0.0	0.67654	-0.03632	-0.0354	-0.73462
 None	0.1045	0.0029	1.0254	0.0	0.0	0.0	0.165	-5.812	-94.719	38.29	-414	-34	-207	114.37824267	23.21135173	4.49	0.0	0.67654	-0.03632	-0.0354	-0.73465
 None	0.1045	0.0034	1.0254	0.0	0.0	0.0	0.165	-5.812	-94.724	38.2	-416	-33	-210	114.37824267	23.21135173	4.49	0.0	0.67654	-0.03632	-0.0354	-0.73465
 None	0.1045	0.0034	1.0254	0.0	0.0	0.0	0.165	-5.812	-94.724	38.2	-416	-33	-210	114.37824267	23.21135173	4.49	0.0	0.67654	-0.03632	-0.0354	-0.73465
 None	0.1045	0.0034	1.0254	0.0	0.0	0.0	0.165	-5.812	-94.724	38.2	-416	-33	-210	114.37824267	23.21135173	4.49	0.0	0.67654	-0.03632	-0.0354	-0.73465
 None	0.1045	0.0034	1.0254	0.0	0.0	0.0	0.165	-5.812	-94.724	38.2	-416	-33	-210	114.37824267	23.21135173	4.49	0.0	0.67651	-0.03632	-0.0354	-0.73465
 None	0.1045	0.0034	1.0254	0.0	0.0	0.0	0.165	-5.812	-94.724	38.24	-417	-32	-208	114.37824267	23.21135173	4.49	0.0	0.67651	-0.03632	-0.0354	-0.73465
 None	0.1045	0.0034	1.0254	0.0	0.0	0.0	0.165	-5.812	-94.724	38.24	-417	-32	-208	114.37824267	23.21135173	4.49	0.0	0.67651	-0.03632	-0.0354	-0.73465
 None	0.1045	0.0034	1.0254	0.0	0.0	0.0	0.165	-5.812	-94.724	38.24	-417	-32	-208	114.37824267	23.21135173	4.49	0.0	0.67651	-0.03632	-0.0354	-0.73465
 None	0.1045	0.0034	1.0254	0.0	0.0	0.0	0.165	-5.812	-94.724	38.24	-417	-32	-208	114.37824267	23.21135173	4.49	0.0	0.67651	-0.03632	-0.03543	-0.73465
 None	0.104	0.0034	1.0254	0.0	0.0	0.0	0.165	-5.812	-94.708	38.19	-418	-34	-207	114.37824267	23.21135173	4.49	0.0	0.67651	-0.03632	-0.03543	-0.73465
 None	0.104	0.0034	1.0254	0.0	0.0	0.0	0.165	-5.812	-94.708	38.19	-418	-34	-207	114.37824267	23.21135173	4.49	0.0	0.67651	-0.03632	-0.03543	-0.73465
 None	0.104	0.0034	1.0254	0.0	0.0	0.0	0.165	-5.812	-94.708	38.19	-418	-34	-207	114.37824267	23.21135173	4.49	0.0	0.67651	-0.03632	-0.03543	-0.73465
 None	0.104	0.0034	1.0254	0.0	0.0	0.0	0.165	-5.812	-94.708	38.19	-418	-34	-207	114.37824267	23.21135173	4.49	0.0	0.67661	-0.03629	-0.03543	-0.73456
 None	0.104	0.0034	1.0254	0.0	0.0	0.0	0.165	-5.812	-94.702	38.24	-414	-34	-207	114.37824267	23.21135173	4.49	0.0	0.67661	-0.03629	-0.03543	-0.73456
 None	0.104	0.0034	1.0254	0.0	0.0	0.0	0.165	-5.812	-94.702	38.24	-414	-34	-207	114.37824267	23.21135173	4.49	0.0	0.67661	-0.03629	-0.03543	-0.73456
 None	0.104	0.0034	1.0254	0.0	0.0	0.0	0.165	-5.812	-94.702	38.24	-414	-34	-207	114.37824267	23.21135173	4.49	0.0	0.67661	-0.03629	-0.03543	-0.73456
 None	0.104	0.0034	1.0254	0.0	0.0	0.0	0.165	-5.812	-94.702	38.24	-414	-34	-207	114.37824267	23.21135173	4.49	0.0	0.67664	-0.03629	-0.03543	-0.73453
 None	0.104	0.0029	1.0254	0.0	0.0	0.0	0.165	-5.812	-94.697	38.23	-417	-31	-207	114.37824267	23.21135173	4.49	0.0	0.67664	-0.03629	-0.03543	-0.73453
 None	0.104	0.0029	1.0254	0.0	0.0	0.0	0.165	-5.812	-94.697	38.23	-417	-31	-207	114.37824267	23.21135173	4.49	0.0	0.67664	-0.03629	-0.03543	-0.73453
 None	0.104	0.0029	1.0254	0.0	0.0	0.0	0.165	-5.812	-94.697	38.23	-417	-31	-207	114.37824267	23.21135173	4.49	0.0	0.67664	-0.03629	-0.03543	-0.73453
 None	0.104	0.0029	1.0254	0.0	0.0	0.0	0.165	-5.812	-94.697	38.23	-417	-31	-207	114.37824267	23.21135173	4.49	0.0	0.6767	-0.03629	-0.03543	-0.73447
 None	0.1045	0.0029	1.0254	0.0	0.0	0.0	0.165	-5.812	-94.68	38.24	-416	-31	-211	114.37824267	23.21135173	4.49	0.0	0.6767	-0.03629	-0.03543	-0.73447
 None	0.1045	0.0029	1.0254	0.0	0.0	0.0	0.165	-5.812	-94.68	38.24	-416	-31	-211	114.37824267	23.21135173	4.49	0.0	0.6767	-0.03629	-0.03543	-0.73447
 None	0.1045	0.0029	1.0254	0.0	0.0	0.0	0.165	-5.812	-94.68	38.24	-416	-31	-211	114.37824267	23.21135173	4.49	0.0	0.6767	-0.03629	-0.03543	-0.73447
 None	0.1045	0.0029	1.0254	0.0	0.0	0.0	0.165	-5.812	-94.68	38.24	-416	-31	-211	114.37824267	23.21135173	4.49	0.0	0.67679	-0.03625	-0.03543	-0.73438
 None	0.1045	0.0029	1.0259	0.0	0.0	0.0	0.165	-5.812	-94.669	38.25	-414	-31	-210	114.37824267	23.21135173	4.49	0.0	0.67679	-0.03625	-0.03543	-0.73438
 None	0.1045	0.0029	1.0259	0.0	0.0	0.0	0.165	-5.812	-94.669	38.25	-414	-31	-210	114.37829333	23.21133867	4.49	0.0	0.67679	-0.03625	-0.03543	-0.73438
 None	0.1045	0.0029	1.0259	0.0	0.0	0.0	0.165	-5.812	-94.669	38.25	-414	-31	-210	114.37829333	23.21133867	4.49	2.87	0.67679	-0.03625	-0.03543	-0.73438
 None	0.1045	0.0029	1.0259	0.0	0.0	0.0	0.165	-5.812	-94.669	38.25	-414	-31	-210	114.37829333	23.21133867	4.49	2.87	0.67688	-0.03625	-0.03543	-0.73431
 None	0.1045	0.0029	1.0254	0.0	0.0	0.0	0.165	-5.812	-94.647	38.27	-416	-32	-210	114.37829333	23.21133867	4.49	2.87	0.67688	-0.03625	-0.03543	-0.73431
 None	0.1045	0.0029	1.0254	0.0	0.0	0.0	0.165	-5.812	-94.647	38.27	-416	-32	-210	114.37829333	23.21133867	4.49	2.87	0.67688	-0.03625	-0.03543	-0.73431
 None	0.1045	0.0029	1.0254	0.0	0.0	0.0	0.165	-5.812	-94.647	38.27	-416	-32	-210	114.37829333	23.21133867	4.49	2.87	0.67688	-0.03625	-0.03543	-0.73431
 None	0.1045	0.0029	1.0254	0.0	0.0	0.0	0.165	-5.812	-94.647	38.27	-416	-32	-210	114.37829333	23.21133867	4.49	2.87	0.677	-0.03625	-0.03543	-0.73422
 None	0.1045	0.0024	1.0254	0.0	0.0	0.0	0.165	-5.812	-94.642	38.27	-417	-34	-208	114.37829333	23.21133867	4.49	2.87	0.677	-0.03625	-0.03543	-0.73422
 None	0.1045	0.0024	1.0254	0.0	0.0	0.0	0.165	-5.812	-94.642	38.27	-417	-34	-208	114.37829333	23.21133867	4.49	2.87	0.677	-0.03625	-0.03543	-0.73422
 None	0.1045	0.0024	1.0254	0.0	0.0	0.0	0.165	-5.812	-94.642	38.27	-417	-34	-208	114.37829333	23.21133867	4.49	2.87	0.677	-0.03625	-0.03543	-0.73422
 None	0.1045	0.0024	1.0254	0.0	0.0	0.0	0.165	-5.812	-94.642	38.27	-417	-34	-208	114.37829333	23.21133867	4.49	2.87	0.67703	-0.03625	-0.03543	-0.73416
 None	0.1045	0.0029	1.0254	0.0	0.0	0.0	0.165	-5.812	-94.658	38.24	-415	-32	-207	114.37829333	23.21133867	4.49	2.87	0.67703	-0.03625	-0.03543	-0.73416
 None	0.1045	0.0029	1.0254	0.0	0.0	0.0	0.165	-5.812	-94.658	38.24	-415	-32	-207	114.37829333	23.21133867	4.49	2.87	0.67703	-0.03625	-0.03543	-0.73416
 None	0.1045	0.0029	1.0254	0.0	0.0	0.0	0.165	-5.812	-94.658	38.24	-415	-32	-207	114.37829333	23.21133867	4.49	2.87	0.67703	-0.03625	-0.03543	-0.73416
 None	0.1045	0.0029	1.0254	0.0	0.0	0.0	0.165	-5.812	-94.658	38.24	-415	-32	-207	114.37829333	23.21133867	4.49	2.87	0.67691	-0.03629	-0.03543	-0.73428
 None	0.104	0.0029	1.0254	0.0	0.0	0.0	0.165	-5.812	-94.658	38.28	-417	-31	-207	114.37829333	23.21133867	4.49	2.87	0.67691	-0.03629	-0.03543	-0.73428
 None	0.104	0.0029	1.0254	0.0	0.0	0.0	0.165	-5.812	-94.658	38.28	-417	-31	-207	114.37829333	23.21133867	4.49	2.87	0.67691	-0.03629	-0.03543	-0.73428
 None	0.104	0.0029	1.0254	0.0	0.0	0.0	0.165	-5.812	-94.658	38.28	-417	-31	-207	114.37829333	23.21133867	4.49	2.87	0.67691	-0.03629	-0.03543	-0.73428
 None	0.104	0.0029	1.0254	0.0	0.0	0.0	0.165	-5.812	-94.658	38.28	-417	-31	-207	114.37829333	23.21133867	4.49	2.87	0.67694	-0.03629	-0.03543	-0.73425
 None	0.1035	0.0029	1.0259	0.0	0.0	0.0	0.165	-5.806	-94.653	38.19	-417	-35	-207	114.37829333	23.21133867	4.49	2.87	0.67694	-0.03629	-0.03543	-0.73425
 None	0.1035	0.0029	1.0259	0.0	0.0	0.0	0.165	-5.806	-94.653	38.19	-417	-35	-207	114.37829333	23.21133867	4.49	2.87	0.67694	-0.03629	-0.03543	-0.73425
 None	0.1035	0.0029	1.0259	0.0	0.0	0.0	0.165	-5.806	-94.653	38.19	-417	-35	-207	114.37829333	23.21133867	4.49	2.87	0.67694	-0.03629	-0.03543	-0.73425
 None	0.1035	0.0029	1.0259	0.0	0.0	0.0	0.165	-5.806	-94.653	38.19	-417	-35	-207	114.37829333	23.21133867	4.49	2.87	0.67697	-0.03625	-0.0354	-0.73422
 None	0.104	0.0029	1.0259	0.0	0.0	0.0	0.165	-5.806	-94.647	38.3	-414	-30	-209	114.37829333	23.21133867	4.49	2.87	0.67697	-0.03625	-0.0354	-0.73422
 None	0.104	0.0029	1.0259	0.0	0.0	0.0	0.165	-5.806	-94.647	38.3	-414	-30	-209	114.37829333	23.21133867	4.49	2.87	0.67697	-0.03625	-0.0354	-0.73422
 None	0.104	0.0029	1.0259	0.0	0.0	0.0	0.165	-5.806	-94.647	38.3	-414	-30	-209	114.37829333	23.21133867	4.49	2.87	0.67697	-0.03625	-0.0354	-0.73422
 None	0.104	0.0029	1.0259	0.0	0.0	0.0	0.165	-5.806	-94.647	38.3	-414	-30	-209	114.37829333	23.21133867	4.49	2.87	0.677	-0.03625	-0.0354	-0.73422
 None	0.1045	0.0024	1.0259	0.0	0.0	0.0	0.165	-5.806	-94.642	38.24	-418	-32	-210	114.37829333	23.21133867	4.49	2.87	0.677	-0.03625	-0.0354	-0.73422
 None	0.1045	0.0024	1.0259	0.0	0.0	0.0	0.165	-5.806	-94.642	38.24	-418	-32	-210	114.37829333	23.21133867	4.49	2.87	0.677	-0.03625	-0.0354	-0.73422
 None	0.1045	0.0024	1.0259	0.0	0.0	0.0	0.165	-5.806	-94.642	38.24	-418	-32	-210	114.37829333	23.21133867	4.49	2.87	0.677	-0.03625	-0.0354	-0.73422
 None	0.1045	0.0024	1.0259	0.0	0.0	0.0	0.165	-5.806	-94.642	38.24	-418	-32	-210	114.37829333	23.21133867	4.49	2.87	0.67706	-0.03625	-0.03537	-0.73416
 None	0.1045	0.0024	1.0259	0.0	0.0	0.0	0.159	-5.806	-94.625	38.24	-416	-29	-209	114.37829333	23.21133867	4.49	2.87	0.67706	-0.03625	-0.03537	-0.73416
 None	0.1045	0.0024	1.0259	0.0	0.0	0.0	0.159	-5.806	-94.625	38.24	-416	-29	-209	114.37829333	23.21133867	4.49	2.87	0.67706	-0.03625	-0.03537	-0.73416
 None	0.1045	0.0024	1.0259	0.0	0.0	0.0	0.159	-5.806	-94.625	38.24	-416	-29	-209	114.37829333	23.21133867	4.49	2.87	0.67706	-0.03625	-0.03537	-0.73416
 None	0.1045	0.0024	1.0259	0.0	0.0	0.0	0.159	-5.806	-94.625	38.24	-416	-29	-209	114.37829333	23.21133867	4.49	2.87	0.67715	-0.03625	-0.03537	-0.73407
 None	0.1045	0.0029	1.0254	0.0	0.0	0.0	0.159	-5.806	-94.598	38.14	-415	-29	-208	114.37829333	23.21133867	4.49	2.87	0.67715	-0.03625	-0.03537	-0.73407
 None	0.1045	0.0029	1.0254	0.0	0.0	0.0	0.159	-5.806	-94.598	38.14	-415	-29	-208	114.37829333	23.21133867	4.49	2.87	0.67715	-0.03625	-0.03537	-0.73407
 None	0.1045	0.0029	1.0254	0.0	0.0	0.0	0.159	-5.806	-94.598	38.14	-415	-29	-208	114.37829333	23.21133867	4.49	2.87	0.67715	-0.03625	-0.03537	-0.73407
 None	0.1045	0.0029	1.0254	0.0	0.0	0.0	0.159	-5.806	-94.598	38.14	-415	-29	-208	114.37829333	23.21133867	4.49	2.87	0.67734	-0.03625	-0.0354	-0.73392
 None	0.104	0.0034	1.0249	0.0	0.0	0.0	0.159	-5.806	-94.581	38.2	-417	-30	-207	114.37829333	23.21133867	4.49	2.87	0.67734	-0.03625	-0.0354	-0.73392
 None	0.104	0.0034	1.0249	0.0	0.0	0.0	0.159	-5.806	-94.581	38.2	-417	-30	-207	114.378384	23.21133333	4.49	2.87	0.67734	-0.03625	-0.0354	-0.73392
 None	0.104	0.0034	1.0249	0.0	0.0	0.0	0.159	-5.806	-94.581	38.2	-417	-30	-207	114.378384	23.21133333	15.29	12.889	0.67734	-0.03625	-0.0354	-0.73392
 None	0.104	0.0034	1.0249	0.0	0.0	0.0	0.159	-5.806	-94.581	38.2	-417	-30	-207	114.378384	23.21133333	15.29	12.889	0.67743	-0.03625	-0.0354	-0.7338
 None	0.104	0.0029	1.0254	0.0	0.0	0.0	0.159	-5.806	-94.559	38.27	-416	-30	-208	114.378384	23.21133333	15.29	12.889	0.67743	-0.03625	-0.0354	-0.7338
 None	0.104	0.0029	1.0254	0.0	0.0	0.0	0.159	-5.806	-94.559	38.27	-416	-30	-208	114.378384	23.21133333	15.29	12.889	0.67743	-0.03625	-0.0354	-0.7338
 None	0.104	0.0029	1.0254	0.0	0.0	0.0	0.159	-5.806	-94.559	38.27	-416	-30	-208	114.378384	23.21133333	15.29	12.889	0.67743	-0.03625	-0.0354	-0.7338
 None	0.104	0.0029	1.0254	0.0	0.0	0.0	0.159	-5.806	-94.559	38.27	-416	-30	-208	114.378384	23.21133333	15.29	12.889	0.67758	-0.03622	-0.0354	-0.73367
 None	0.1045	0.0024	1.0259	0.0	0.0	0.0	0.159	-5.806	-94.543	38.29	-418	-30	-208	114.378384	23.21133333	15.29	12.889	0.67758	-0.03622	-0.0354	-0.73367
 None	0.1045	0.0024	1.0259	0.0	0.0	0.0	0.159	-5.806	-94.543	38.29	-418	-30	-208	114.378384	23.21133333	15.29	12.889	0.67758	-0.03622	-0.0354	-0.73367
 None	0.1045	0.0024	1.0259	0.0	0.0	0.0	0.159	-5.806	-94.543	38.29	-418	-30	-208	114.378384	23.21133333	15.29	12.889	0.67758	-0.03622	-0.0354	-0.73367
 None	0.1045	0.0024	1.0259	0.0	0.0	0.0	0.159	-5.806	-94.543	38.29	-418	-30	-208	114.378384	23.21133333	15.29	12.889	0.67767	-0.03622	-0.0354	-0.73358
 None	0.104	0.0024	1.0254	0.0	0.0	0.0	0.159	-5.806	-94.548	38.3	-416	-33	-209	114.378384	23.21133333	15.29	12.889	0.67767	-0.03622	-0.0354	-0.73358
 None	0.104	0.0024	1.0254	0.0	0.0	0.0	0.159	-5.806	-94.548	38.3	-416	-33	-209	114.378384	23.21133333	15.29	12.889	0.67767	-0.03622	-0.0354	-0.73358
 None	0.104	0.0024	1.0254	0.0	0.0	0.0	0.159	-5.806	-94.548	38.3	-416	-33	-209	114.378384	23.21133333	15.29	12.889	0.67767	-0.03622	-0.0354	-0.73358
 None	0.104	0.0024	1.0254	0.0	0.0	0.0	0.159	-5.806	-94.548	38.3	-416	-33	-209	114.378384	23.21133333	15.29	12.889	0.67761	-0.03625	-0.03537	-0.73364
 None	0.104	0.0024	1.0254	0.0	0.0	0.0	0.159	-5.801	-94.543	38.27	-416	-30	-206	114.378384	23.21133333	15.29	12.889	0.67761	-0.03625	-0.03537	-0.73364
 None	0.104	0.0024	1.0254	0.0	0.0	0.0	0.159	-5.801	-94.543	38.27	-416	-30	-206	114.378384	23.21133333	15.29	12.889	0.67761	-0.03625	-0.03537	-0.73364
 None	0.104	0.0024	1.0254	0.0	0.0	0.0	0.159	-5.801	-94.543	38.27	-416	-30	-206	114.378384	23.21133333	15.29	12.889	0.67761	-0.03625	-0.03537	-0.73364
 None	0.104	0.0024	1.0254	0.0	0.0	0.0	0.159	-5.801	-94.543	38.27	-416	-30	-206	114.378384	23.21133333	15.29	12.889	0.67767	-0.03625	-0.03537	-0.73358
 None	0.1045	0.0029	1.0254	0.0	0.0	0.0	0.154	-5.806	-94.548	38.2	-417	-34	-205	114.378384	23.21133333	15.29	12.889	0.67767	-0.03625	-0.03537	-0.73358
 None	0.1045	0.0029	1.0254	0.0	0.0	0.0	0.154	-5.806	-94.548	38.2	-417	-34	-205	114.378384	23.21133333	15.29	12.889	0.67767	-0.03625	-0.03537	-0.73358
 None	0.1045	0.0029	1.0254	0.0	0.0	0.0	0.154	-5.806	-94.548	38.2	-417	-34	-205	114.378384	23.21133333	15.29	12.889	0.67767	-0.03625	-0.03537	-0.73358
 None	0.1045	0.0029	1.0254	0.0	0.0	0.0	0.154	-5.806	-94.548	38.2	-417	-34	-205	114.378384	23.21133333	15.29	12.889	0.67764	-0.03625	-0.03537	-0.73361
 None	0.1045	0.0034	1.0259	0.0	0.0	0.0	0.159	-5.806	-94.559	38.24	-417	-34	-206	114.378384	23.21133333	15.29	12.889	0.67764	-0.03625	-0.03537	-0.73361
 None	0.1045	0.0034	1.0259	0.0	0.0	0.0	0.159	-5.806	-94.559	38.24	-417	-34	-206	114.378384	23.21133333	15.29	12.889	0.67764	-0.03625	-0.03537	-0.73361
 None	0.1045	0.0034	1.0259	0.0	0.0	0.0	0.159	-5.806	-94.559	38.24	-417	-34	-206	114.378384	23.21133333	15.29	12.889	0.67764	-0.03625	-0.03537	-0.73361
 None	0.1045	0.0034	1.0259	0.0	0.0	0.0	0.159	-5.806	-94.559	38.24	-417	-34	-206	114.378384	23.21133333	15.29	12.889	0.67755	-0.03625	-0.03537	-0.7337
 None	0.1045	0.0029	1.0259	0.0	0.0	0.0	0.159	-5.806	-94.581	38.3	-418	-35	-211	114.378384	23.21133333	15.29	12.889	0.67755	-0.03625	-0.03537	-0.7337
 None	0.1045	0.0029	1.0259	0.0	0.0	0.0	0.159	-5.806	-94.581	38.3	-418	-35	-211	114.378384	23.21133333	15.29	12.889	0.67755	-0.03625	-0.03537	-0.7337
 None	0.1045	0.0029	1.0259	0.0	0.0	0.0	0.159	-5.806	-94.581	38.3	-418	-35	-211	114.378384	23.21133333	15.29	12.889	0.67755	-0.03625	-0.03537	-0.7337
 None	0.1045	0.0029	1.0259	0.0	0.0	0.0	0.159	-5.806	-94.581	38.3	-418	-35	-211	114.378384	23.21133333	15.29	12.889	0.67746	-0.03625	-0.03537	-0.7338
 None	0.1045	0.0029	1.0259	0.0	0.0	0.0	0.159	-5.806	-94.587	38.22	-416	-32	-208	114.378384	23.21133333	15.29	12.889	0.67746	-0.03625	-0.03537	-0.7338
 None	0.1045	0.0029	1.0259	0.0	0.0	0.0	0.159	-5.806	-94.587	38.22	-416	-32	-208	114.378384	23.21133333	15.29	12.889	0.67746	-0.03625	-0.03537	-0.7338
 None	0.1045	0.0029	1.0259	0.0	0.0	0.0	0.159	-5.806	-94.587	38.22	-416	-32	-208	114.378384	23.21133333	15.29	12.889	0.67746	-0.03625	-0.03537	-0.7338
 None	0.1045	0.0029	1.0259	0.0	0.0	0.0	0.159	-5.806	-94.587	38.22	-416	-32	-208	114.378384	23.21133333	15.29	12.889	0.67737	-0.03625	-0.03537	-0.73386
 None	0.104	0.0034	1.0249	0.0	0.0	0.0	0.159	-5.806	-94.587	38.29	-417	-36	-209	114.378384	23.21133333	15.29	12.889	0.67737	-0.03625	-0.03537	-0.73386
